2.653333329906066296e-01
5.218666662772496467e-01
7.068666636943816695e-01
7.947333355744680139e-01
8.249999980131784705e-01
8.585333347320556197e-01
8.709333340326944617e-01
8.816666662693023460e-01
8.885999997456868194e-01
8.980666657288869370e-01
9.078000028928120413e-01
9.144666711489359834e-01
9.163333356380463091e-01
9.286666631698607954e-01
9.293333351612090842e-01
9.383333345254262214e-01
9.219999988873799346e-01
9.352666656176249482e-01
9.388666689395904763e-01
9.464666664600371870e-01
9.456666608651479455e-01
9.487333277861277336e-01
9.506666660308837891e-01
9.510666628678640100e-01
9.531333267688750777e-01
9.539333303769429451e-01
9.499999960263569854e-01
9.597333272298177453e-01
9.587999979654947547e-01
9.546666622161865678e-01
9.580666621526082727e-01
9.629999995231628418e-01
9.674666682879130564e-01
9.663333276907603020e-01
9.690666715304057099e-01
9.681333382924397490e-01
9.712666730086009226e-01
9.698000033696492217e-01
9.706666727860768784e-01
9.581999997297923066e-01
9.671999971071879587e-01
9.677333374818165579e-01
9.743333339691162553e-01
9.743999997774760446e-01
9.687999983628591272e-01
9.690000057220459206e-01
9.730000038941700735e-01
9.734000047047932647e-01
9.729999999205271033e-01
9.759333332379659387e-01
9.795999983946482859e-01
9.790000001589457268e-01
9.815333386262258264e-01
9.788666764895120886e-01
9.800666709740956106e-01
9.801333347956339148e-01
9.820000032583872107e-01
9.823333362738291274e-01
9.818666656812031768e-01
9.818666696548461470e-01
9.840666711330413596e-01
9.853999992211659453e-01
9.839999953905741448e-01
9.831333398818969949e-01
9.832666714986165735e-01
9.821333368619282744e-01
9.845999995867411592e-01
9.839333335558573257e-01
9.843333363533020020e-01
9.844000001748403061e-01
9.858000040054321067e-01
9.803333342075347678e-01
9.786666651566823250e-01
9.826666673024495591e-01
9.847333351771037080e-01
9.871999979019164817e-01
9.847333391507466782e-01
9.836666723092396536e-01
9.835333347320556197e-01
9.851999978224436072e-01
9.848666667938232866e-01
9.882000009218852021e-01
9.879333357016245598e-01
9.900000015894572236e-01
9.885333339373271189e-01
9.816666722297668901e-01
9.854666630427042495e-01
9.890000005563099883e-01
9.886666595935821311e-01
9.909999986489613777e-01
9.906666696071624312e-01
9.912000000476837158e-01
9.889999985694885032e-01
9.883333325386047807e-01
9.846666653951009485e-01
9.850666662057240286e-01
9.885333359241486040e-01
9.888000031312306204e-01
9.892000019550323264e-01
9.854666709899901900e-01
9.891333341598510520e-01
9.897333343823750962e-01
9.918000002702077600e-01
9.908666710058847693e-01
9.922000030676524363e-01
9.923333366711933889e-01
9.943333367506662634e-01
9.936666667461395708e-01
9.941333432992299768e-01
9.916666686534881814e-01
9.917999982833862749e-01
9.887999951839446799e-01
9.897333304087321260e-01
9.902666628360747847e-01
9.899333337942759492e-01
9.919999976952870169e-01
9.933333357175191392e-01
9.935333331425985071e-01
9.931333323319753159e-01
9.923999965190887229e-01
9.839333355426788108e-01
9.865333378314972146e-01
9.893333355585733901e-01
9.904666682084400930e-01
9.891999920209249009e-01
9.896666646003723367e-01
9.908666650454203140e-01
9.938666681448619089e-01
9.918666621049244680e-01
9.939333399136861535e-01
9.938000023365021196e-01
9.903333385785421106e-01
9.905333379904429636e-01
9.925333301226297866e-01
9.936000029246012666e-01
9.952666719754537095e-01
9.954000035921732881e-01
9.954000016053518030e-01
9.959333439668019983e-01
9.955333332220713816e-01
9.956000049908956262e-01
9.934000015258789285e-01
9.828666667143504121e-01
9.740666627883911577e-01
9.782000084718068811e-01
9.847333431243896484e-01
9.890666663646697776e-01
9.882666667302449914e-01
9.906666656335194610e-01
9.883333325386047807e-01
9.897333343823750962e-01
9.920666654904682913e-01
9.928666671117146736e-01
9.922666708628337107e-01
9.932666699091593498e-01
9.940666695435841360e-01
9.958666702111561575e-01
9.943333367506662634e-01
9.944666703542073272e-01
9.957333366076152048e-01
9.962666690349578635e-01
9.952000041802724351e-01
9.960666735966999807e-01
9.967333436012267844e-01
9.966666718324025398e-01
9.970000088214874268e-01
9.966666758060455100e-01
9.970666786034901863e-01
9.969333430131276375e-01
9.963333388169606231e-01
9.952000061670939202e-01
9.967333416144052993e-01
9.975333412488301965e-01
9.978666782379150835e-01
9.977333426475525346e-01
9.975333472092946518e-01
9.974666734536489221e-01
9.971333404382070054e-01
9.950000047683715820e-01
9.962000072002410445e-01
9.962000091870625296e-01
9.932666699091593498e-01
9.896000047524770027e-01
9.878000001112620110e-01
9.890000025431314734e-01
9.934666693210602029e-01
9.957333405812581750e-01
9.929333349068959480e-01
9.956000069777171113e-01
9.968666692574819077e-01
9.972666780153910393e-01
9.960666716098784956e-01
9.940666715304057321e-01
9.908666650454203140e-01
9.938666721185048791e-01
9.943999985853830825e-01
9.950000067551930671e-01
9.928000013033548843e-01
9.949333349863688225e-01
9.952000061670939202e-01
9.951333343982696755e-01
9.955333352088928667e-01
9.972666819890340095e-01
9.970000088214874268e-01
9.972000062465667947e-01
9.956666747728983857e-01
9.970000048478444565e-01
9.978666762510935984e-01
9.988666792710622078e-01
9.986000100771585952e-01
9.983333369096120125e-01
9.987333436806996589e-01
9.990000049273173310e-01
9.991333425045013650e-01
9.990666727224986055e-01
9.864000062147776360e-01
9.798000017801921091e-01
9.871999979019164817e-01
9.860666692256927490e-01
9.912666698296864753e-01
9.916000008583069070e-01
9.952000081539154053e-01
9.952000061670939202e-01
9.936000009377797815e-01
9.940000017484028616e-01
9.948666671911875481e-01
9.956666767597198708e-01
9.966666738192240249e-01
9.960000038146972212e-01
9.963333408037821082e-01
9.960000117619832727e-01
9.881333351135254128e-01
9.923333326975504187e-01
9.948666671911875481e-01
9.954000075658162583e-01
9.961333374182382849e-01
9.954000035921732881e-01
9.966000099976857207e-01
9.972000102202097649e-01
9.976000090440114709e-01
9.981333394845326445e-01
9.981333394845326445e-01
9.986666719118754143e-01
9.976000070571899858e-01
9.978666742642720022e-01
9.986000080903371101e-01
9.986000061035156250e-01
9.982000132401783743e-01
9.983333448568979529e-01
9.962000111738841257e-01
9.965333362420399910e-01
9.976000110308329560e-01
9.962666730086008338e-01
9.945333401362100867e-01
9.958000044027964792e-01
9.963333408037821082e-01
9.976000110308329560e-01
9.988000075022379631e-01
9.987333436806996589e-01
9.991333405176798799e-01
9.992000083128611543e-01
9.993333379427592478e-01
9.994000057379405222e-01
9.994666715463002005e-01
9.994000057379405222e-01
9.994000077247620073e-01
9.994666715463002005e-01
9.996666709582010535e-01
9.994000057379405222e-01
9.996666709582010535e-01
9.996000031630197791e-01
9.996000051498412642e-01
9.997333367665608428e-01
9.995333393414814749e-01
9.997333367665608428e-01
9.996000051498412642e-01
9.997333367665608428e-01
9.996000051498412642e-01
9.998000025749206321e-01
9.996666709582010535e-01
9.998000025749206321e-01
9.996666709582010535e-01
9.998000025749206321e-01
9.997333367665608428e-01
9.998000025749206321e-01
9.998000025749206321e-01
9.998000025749206321e-01
9.998666683832804214e-01
9.998000025749206321e-01
9.998000025749206321e-01
9.998000025749206321e-01
9.998666683832804214e-01
9.998000025749206321e-01
9.998666683832804214e-01
9.998000025749206321e-01
9.998666683832804214e-01
9.997333367665608428e-01
9.998666683832804214e-01
9.998666683832804214e-01
9.998666683832804214e-01
9.998666683832804214e-01
9.998666683832804214e-01
9.998666683832804214e-01
9.998666683832804214e-01
9.998666683832804214e-01
9.998000025749206321e-01
9.999333341916402107e-01
9.998000025749206321e-01
9.999333341916402107e-01
9.998666683832804214e-01
9.999333341916402107e-01
9.998666683832804214e-01
9.999333341916402107e-01
9.998666683832804214e-01
9.999333341916402107e-01
9.998666683832804214e-01
9.999333341916402107e-01
9.998000025749206321e-01
1.000000000000000000e+00
9.998000025749206321e-01
9.999333341916402107e-01
9.998666683832804214e-01
9.990666727224986055e-01
9.699999988079071045e-01
9.657333354155223093e-01
9.776000042756398667e-01
9.846666653951009485e-01
9.890666663646697776e-01
9.898666620254517046e-01
9.910666724046071074e-01
9.923333366711933889e-01
9.943333427111308298e-01
9.950666705767313713e-01
9.942666669686635039e-01
9.972000062465667947e-01
9.965333441893259314e-01
9.972000042597453096e-01
9.977333426475525346e-01
9.979333400726317915e-01
9.975333412488301965e-01
9.918666700522105195e-01
9.917333344618479707e-01
9.921333352724711618e-01
9.938666721185048791e-01
9.924666603406270271e-01
9.870000024636585989e-01
9.910666644573211670e-01
9.942666689554849890e-01
9.963333388169606231e-01
9.965333382288614761e-01
9.968000054359436035e-01
9.981333434581756148e-01
9.986000100771585952e-01
9.987333436806996589e-01
9.972000102202097649e-01
9.980666716893513701e-01
9.989333391189575417e-01
9.990666727224986055e-01
9.992666721343994585e-01
9.994000077247620073e-01
9.993333399295807329e-01
9.995333393414814749e-01
9.997333347797393577e-01
9.996666709582010535e-01
9.990666727224986055e-01
9.987333416938781738e-01
9.992000083128611543e-01
9.987333436806996589e-01
9.992666761080424287e-01
9.994666735331217966e-01
9.996666709582010535e-01
9.994000057379405222e-01
9.997333367665608428e-01
9.998000025749206321e-01
9.998000025749206321e-01
9.998666683832804214e-01
9.998000025749206321e-01
9.998000025749206321e-01
9.998666683832804214e-01
9.998000025749206321e-01
9.998000025749206321e-01
9.998666683832804214e-01
9.998000025749206321e-01
9.998666683832804214e-01
9.998000025749206321e-01
9.999333341916402107e-01
9.998000025749206321e-01
9.999333341916402107e-01
9.998666683832804214e-01
9.999333341916402107e-01
9.998666683832804214e-01
9.999333341916402107e-01
9.998666683832804214e-01
9.999333341916402107e-01
9.998666683832804214e-01
9.998666683832804214e-01
9.999333341916402107e-01
9.998666683832804214e-01
9.999333341916402107e-01
9.998666683832804214e-01
9.999333341916402107e-01
9.998666683832804214e-01
9.999333341916402107e-01
9.998666683832804214e-01
9.999333341916402107e-01
9.998666683832804214e-01
9.999333341916402107e-01
9.992000023523966989e-01
9.941333333651224402e-01
9.850000023841858354e-01
9.754666646321614731e-01
9.750000019868214629e-01
9.844666659832000954e-01
9.901333351929982873e-01
9.926000018914540313e-01
9.945333341757456314e-01
9.940666675567626509e-01
9.936666707197825410e-01
9.964666763941446570e-01
9.978666762510935984e-01
9.981333394845326445e-01
9.970000028610229714e-01
9.972000042597453096e-01
9.984666764736175315e-01
9.978000064690907278e-01
9.972000102202097649e-01
9.978000044822692427e-01
9.978000084559123239e-01
9.970666746298472161e-01
9.945333361625671165e-01
9.957333405812581750e-01
9.976000110308329560e-01
9.984666744867960464e-01
9.981333434581756148e-01
9.978666742642720022e-01
9.988666752974192375e-01
9.984666705131530762e-01
9.990000089009603013e-01
9.992000063260396692e-01
9.995333393414814749e-01
9.996000011761982940e-01
9.996000051498412642e-01
9.993333419164022180e-01
9.994666735331217966e-01
9.997333367665608428e-01
9.998666683832804214e-01
9.998666683832804214e-01
9.998666683832804214e-01
9.999333341916402107e-01
9.998666683832804214e-01
9.999333341916402107e-01
9.998000025749206321e-01
1.000000000000000000e+00
9.998000025749206321e-01
9.999333341916402107e-01
9.998666683832804214e-01
9.999333341916402107e-01
9.998666683832804214e-01
9.999333341916402107e-01
9.998666683832804214e-01
9.999333341916402107e-01
9.998666683832804214e-01
9.998666683832804214e-01
9.999333341916402107e-01
9.998666683832804214e-01
9.999333341916402107e-01
9.998666683832804214e-01
9.999333341916402107e-01
9.998666683832804214e-01
9.999333341916402107e-01
9.998666683832804214e-01
9.999333341916402107e-01
9.998666683832804214e-01
9.999333341916402107e-01
9.998000025749206321e-01
9.999333341916402107e-01
9.998666683832804214e-01
9.999333341916402107e-01
9.998666683832804214e-01
9.999333341916402107e-01
9.998666683832804214e-01
9.999333341916402107e-01
9.998666683832804214e-01
9.998666683832804214e-01
9.999333341916402107e-01
9.998666683832804214e-01
9.999333341916402107e-01
9.998666683832804214e-01
9.999333341916402107e-01
9.998666683832804214e-01
9.999333341916402107e-01
9.998666683832804214e-01
1.000000000000000000e+00
9.998666683832804214e-01
9.999333341916402107e-01
9.998666683832804214e-01
1.000000000000000000e+00
9.999333341916402107e-01
1.000000000000000000e+00
9.999333341916402107e-01
1.000000000000000000e+00
9.994666735331217966e-01
9.893333375453948753e-01
9.692000051339467737e-01
9.738666713237762451e-01
9.810000002384186013e-01
9.873999993006388198e-01
9.882666687170664765e-01
9.915333310763041474e-01
9.932000060876210457e-01
9.944666683673858421e-01
9.948666731516520034e-01
9.959333360195159468e-01
9.972666740417480691e-01
9.964666724205016868e-01
9.958666702111561575e-01
9.956666707992554155e-01
9.970666746298472161e-01
9.980000098546345511e-01
9.979333420594532766e-01
9.988000055154164780e-01
9.988000094890594482e-01
9.991333405176798799e-01
9.994000037511189261e-01
9.994000037511189261e-01
9.997333367665608428e-01
9.996000051498412642e-01
9.998000025749206321e-01
9.997333367665608428e-01
9.997333367665608428e-01
9.998000025749206321e-01
9.998000025749206321e-01
9.997333347797393577e-01
9.996666709582010535e-01
9.994666715463002005e-01
9.998666683832804214e-01
9.997333367665608428e-01
9.998666683832804214e-01
9.996000051498412642e-01
9.997333367665608428e-01
9.998666683832804214e-01
9.997333367665608428e-01
9.998000025749206321e-01
9.998000025749206321e-01
1.000000000000000000e+00
9.999333341916402107e-01
1.000000000000000000e+00
9.999333341916402107e-01
1.000000000000000000e+00
9.999333341916402107e-01
9.999333341916402107e-01
1.000000000000000000e+00
9.999333341916402107e-01
1.000000000000000000e+00
9.999333341916402107e-01
1.000000000000000000e+00
9.999333341916402107e-01
1.000000000000000000e+00
9.999333341916402107e-01
1.000000000000000000e+00
9.999333341916402107e-01
1.000000000000000000e+00
9.999333341916402107e-01
1.000000000000000000e+00
9.999333341916402107e-01
1.000000000000000000e+00
9.999333341916402107e-01
1.000000000000000000e+00
9.999333341916402107e-01
1.000000000000000000e+00
9.999333341916402107e-01
1.000000000000000000e+00
9.999333341916402107e-01
9.999333341916402107e-01
1.000000000000000000e+00
9.999333341916402107e-01
1.000000000000000000e+00
9.999333341916402107e-01
1.000000000000000000e+00
9.980666697025298850e-01
9.889333367347716841e-01
9.835999965667724387e-01
9.806666632493337143e-01
9.806666692097981697e-01
9.867999931176503203e-01
9.898000021775563706e-01
9.939333379268646684e-01
9.936666667461395708e-01
9.956666727860769006e-01
9.963333447774250784e-01
9.974666714668274370e-01
9.979333420594532766e-01
9.966000060240427505e-01
9.975333432356516816e-01
9.991333385308583948e-01
9.992666701475779734e-01
9.997333367665608428e-01
9.996666689713795684e-01
9.998666683832804214e-01
