4.635429208477338109e-02
4.606931085387865749e-02
4.609055146574973783e-02
4.492871488134066171e-02
4.419087804853916168e-02
4.367095368603865491e-02
4.248326470454533849e-02
4.149232034881909781e-02
4.031724172333876061e-02
3.901068108777205196e-02
3.672481067478657046e-02
3.465481835107008662e-02
3.355169619123141156e-02
3.221914724757273668e-02
3.940208852291107039e-02
4.123038537800312320e-02
3.862724465628464970e-02
3.734898529946804185e-02
3.619523334006468501e-02
3.580904826521873197e-02
3.560345508158206662e-02
3.595783971250057082e-02
3.530942524472872185e-02
3.508525763948758258e-02
3.377313353121280670e-02
3.337382239600022310e-02
3.259544583658377515e-02
3.190387760599454336e-02
3.170250697682300972e-02
3.175013729681571556e-02
3.101739293585220950e-02
3.048623204231262068e-02
3.027239777147770067e-02
2.947540637105703493e-02
2.886832890411217961e-02
2.888223516444365230e-02
2.865341349194447038e-02
2.852951809763908456e-02
2.802008291085561140e-02
2.815107746670643396e-02
2.744529501845439229e-02
4.256466720253229002e-02
3.842721258600553108e-02
3.481136634945869446e-02
3.155852338920037137e-02
2.924726114918788436e-02
2.704451897492011342e-02
2.542462982237338881e-02
2.444797518352667329e-02
2.339573707431554656e-02
2.310596977670987401e-02
2.316219552109638827e-02
2.240541912615299364e-02
2.156167607754468779e-02
2.159969229251146317e-02
2.044444531202316284e-02
2.000700198113918374e-02
1.945082092036803587e-02
1.987460535019636154e-02
1.942220435788234029e-02
1.860810965299606462e-02
1.853859694674610953e-02
1.861388192822535995e-02
1.788325871651371204e-02
1.742952230075995104e-02
1.754667451605200837e-02
1.754423038413127287e-02
1.696652170891562936e-02
1.718200870479146686e-02
1.653840088595946722e-02
1.618182612583041191e-02
1.615932354082664016e-02
1.590115837752819131e-02
1.684910636395215919e-02
1.579737896099686623e-02
1.557121869797508003e-02
1.488657320539156677e-02
1.464711697772145237e-02
1.396549052248398544e-02
2.011365822205940859e-02
1.898487958436211043e-02
1.548464487617214579e-02
1.517884026591976437e-02
1.428508789589007753e-02
1.342221607143680336e-02
1.358385275428493875e-02
1.317587187513708999e-02
1.240692719196279797e-02
1.170959544057647433e-02
1.145715831468502657e-02
1.104031270369887352e-02
1.084973374381661450e-02
1.122953044250607491e-02
1.064889657621582303e-02
1.017755313465992621e-02
1.021530646830797265e-02
1.016672936578591653e-02
1.164425723254680634e-02
1.003488466764489856e-02
9.115746198222040436e-03
8.999840527152021957e-03
8.618651190772652626e-03
9.133310305575530544e-03
8.279922589038809372e-03
8.567849732935428272e-03
8.564737501243750717e-03
8.443901563684146419e-03
7.505486765876412218e-03
7.539772211263577086e-03
7.418179589634140564e-03
7.768988671402136253e-03
7.360273708278934277e-03
9.303601660455266750e-03
8.198448829352856029e-03
8.487597821901242748e-03
7.699843340863783865e-03
7.212649285793304617e-03
7.027834824596842361e-03
6.624087489520509922e-03
6.455405320351322723e-03
6.483987392857670957e-03
6.289832682038347215e-03
5.976514720047513413e-03
6.401951673130194288e-03
5.742111708968877792e-03
6.151009739066163988e-03
5.927540718888243444e-03
6.217889767140149897e-03
5.543207004666328604e-03
5.709307935709754742e-03
5.217978443639973568e-03
5.377630687629183191e-03
5.418990024675925631e-03
6.262603246917327129e-03
5.362140977134307110e-03
5.432051140815019608e-03
5.030822598685821302e-03
5.061745271086692463e-03
4.861976252868771553e-03
4.988435663593312509e-03
5.763162113726139242e-03
6.301152411227425344e-03
5.049315917616089416e-03
4.659577086567878550e-03
4.632406751625239849e-03
4.434152607185145277e-03
4.440383892506361355e-03
4.186532592090467554e-03
4.325673147104680365e-03
3.980025819813211990e-03
4.266597881602744377e-03
3.849854809232056141e-03
4.213994819050033945e-03
3.914154266628126246e-03
4.269672053245206385e-03
3.841395544198651906e-03
4.609286963629225659e-03
4.121175509256621607e-03
4.060692363418638359e-03
3.993404330685734749e-03
3.697976081942518697e-03
3.709054218294719797e-03
3.956967553434272838e-03
3.897871465111772248e-03
3.679791193765898690e-03
3.657512572438766443e-03
3.389537590555846604e-03
3.763535626543064970e-03
3.513722261413931673e-03
3.600232881338645812e-03
3.353327978402376175e-03
3.490541952972610763e-03
3.343964988986651305e-03
3.531561271908382430e-03
3.319883214620252595e-03
3.290155910265942386e-03
3.166723701482017633e-03
3.424963215366005898e-03
2.998102914231518933e-03
3.179644995058576468e-03
2.979673449105272893e-03
3.943301318213343447e-03
3.526514947103957451e-03
3.692192871433993065e-03
3.400689223781228065e-03
3.328997094649821607e-03
3.028296031213054910e-03
2.993497155451526129e-03
2.996021846774965438e-03
3.121486003510654146e-03
2.960807620547711936e-03
2.734958341655631744e-03
3.328074961124609030e-03
3.200071250709394730e-03
2.859484637156128883e-03
2.778250219610830293e-03
2.680781518574803894e-03
2.584005426615476782e-03
2.571678728175659946e-03
2.971823827829212037e-03
3.117404575459658926e-03
2.703617408405989322e-03
2.999394658642510602e-03
2.486564471231152759e-03
2.727924993572135651e-03
2.537251477284977949e-03
2.667392716587831374e-03
2.757439459674060518e-03
2.574640916039546302e-03
2.484657374831537261e-03
2.622885229842116406e-03
2.995676201923439842e-03
2.621052227914333257e-03
2.459381454779455915e-03
2.387565261839578578e-03
2.658230570765833176e-03
2.531956241000443697e-03
2.747680669805655992e-03
2.400666797378410780e-03
2.463256199068079334e-03
2.219840418547391891e-03
2.348075624710569981e-03
2.529887540731579065e-03
2.499090325242529342e-03
2.284595723419139638e-03
2.195187289422998941e-03
2.276649163104593580e-03
2.481732742550472447e-03
2.294542384333908558e-03
2.276141728119303754e-03
2.226373840433855996e-03
2.191133735080559846e-03
2.117161382921040145e-03
1.892419962678104552e-03
2.040266497836758577e-03
1.980860236411293406e-03
1.904423814266920090e-03
1.905892762200285919e-03
1.918474239452431498e-03
1.767860750745361064e-03
1.777000473036120408e-03
1.707669234989831831e-03
1.689296916204815211e-03
2.072776877321302978e-03
3.200048281966398189e-03
2.611407990722606435e-03
1.899637037422508045e-03
1.804271002765744968e-03
1.678432881211241014e-03
1.623748675532018073e-03
1.602532695202777769e-03
2.208384184632450255e-03
3.273026420113941092e-03
2.353682159446179954e-03
2.117122969745347753e-03
1.800743218821783875e-03
1.720427422939489271e-03
2.164927355867500049e-03
2.855202466404686400e-03
1.964588694196815234e-03
1.783330139005556703e-03
1.710792027491455335e-03
1.966553941989938534e-03
2.449814377663036072e-03
1.722905594700326580e-03
1.694947999203577551e-03
1.841914882728209156e-03
1.654750357071558707e-03
1.544384920271113428e-03
1.511984462073693615e-03
1.451517561993872054e-03
1.459618390072137117e-03
1.584564514147738601e-03
1.734558409467960383e-03
1.509467007902761358e-03
1.824019680498167872e-03
1.918680725308756062e-03
2.029473365594943162e-03
1.607603544835001317e-03
1.328744521985451366e-03
1.637430512346327305e-03
1.834267463224629547e-03
1.626472208105648500e-03
1.507407616979132168e-03
1.276223981403745754e-03
1.241251616738736543e-03
1.289010146865621166e-03
1.525585060395921212e-03
1.622557125908012264e-03
1.291269849753007379e-03
1.156496848367775465e-03
1.352043405252819188e-03
1.617496738132710287e-03
1.228929322678595781e-03
1.254038582555949731e-03
1.159728972318892779e-03
1.304156727079922853e-03
1.139554210628072363e-03
1.059266878291964444e-03
1.031843412783928302e-03
9.732217702548950477e-04
9.542003351574142919e-04
9.294709801906719587e-04
1.051960916568835591e-03
9.471742135550206268e-04
1.216972376763199824e-03
1.236031825343767787e-03
1.139315231315170696e-03
1.154444415199880900e-03
1.134855841519310984e-03
1.406236367377762921e-03
1.471036067232489543e-03
1.302215836282508967e-03
1.070908671439004412e-03
9.936041043450436015e-04
9.024050945299677334e-04
9.067256178241223097e-04
9.042030374985188463e-04
9.010863529207805431e-04
1.112201800181840871e-03
1.111248519737273411e-03
1.312424805170545874e-03
1.038975014428918488e-03
1.113823880829537894e-03
1.044680416816845449e-03
1.255418137589003891e-03
1.579605950973928061e-03
1.556380411299566457e-03
1.286841905675828544e-03
1.098849004483781668e-03
8.477040566504002051e-04
9.024910599691793106e-04
9.070560151788716659e-04
9.321811347035690708e-04
1.194276969181373802e-03
4.325842979596927762e-03
4.163575816589096777e-03
3.447367887323101506e-03
2.182107434297601324e-03
1.663393032504245595e-03
1.389553661768635085e-03
1.248308719368651509e-03
1.420228307445844116e-03
1.309775850192333203e-03
1.582854726196577123e-03
1.311256098172937888e-03
1.357442901159326134e-03
1.084274279613358380e-03
1.104676783628140858e-03
9.429415668516109893e-04
1.014089932626423708e-03
9.638090947798142469e-04
9.914678016987939387e-04
9.369757637614384727e-04
9.617854045548786864e-04
1.054354540732068248e-03
9.905716278202211442e-04
7.426320594580222874e-04
8.384902772377245345e-04
8.136416523484513380e-04
7.480106762765596166e-04
8.146593706139052546e-04
1.171636785147711591e-03
1.755748380674049258e-03
1.213108329102396878e-03
1.068848171659434777e-03
8.588145574321970344e-04
9.467555248799423232e-04
7.915734449246276906e-04
8.297896914882585189e-04
8.620073902420699163e-04
1.046355464495718479e-03
7.519908079605860376e-04
6.537806693813763559e-04
7.056531918351538696e-04
7.758956722682342150e-04
1.212845213012769905e-03
1.173020569452395056e-03
9.008744377448844702e-04
7.164689828641712882e-04
7.690226785295332977e-04
6.846607264985020034e-04
6.285730531089938743e-04
6.143561729307597027e-04
6.010884661615515821e-04
6.054142756814447687e-04
6.462303024212209032e-04
6.095094030267015793e-04
6.812872573694525027e-04
6.364722629465783708e-04
7.079808769049122713e-04
6.136844274199878321e-04
6.221300476075460875e-04
5.371623434863673783e-04
4.805657939868978939e-04
4.795562684497174937e-04
5.066545418230816722e-04
7.410191115923226097e-04
7.480330913191816531e-04
7.160690683425248405e-04
6.799198138954428696e-04
6.471533544148163177e-04
6.119329268888880520e-04
8.500786789227277040e-04
6.342418472437808983e-04
6.520685681607573791e-04
5.609088732550541415e-04
7.661564615167056448e-04
9.095579841717456922e-04
1.044205035820293002e-03
8.703931816853582859e-04
6.433991778370303774e-04
4.834747189306653928e-04
5.029700138644935823e-04
6.539559404094082325e-04
6.099006529742231116e-04
5.471967398383033700e-04
5.821274258778430738e-04
4.588209723200028069e-04
4.757077028140581083e-04
6.111426244994315081e-04
6.209531221732807584e-04
8.508413525608678370e-04
1.190126404011001204e-03
1.111108079203404443e-03
7.763876904694674277e-04
5.782130116131156900e-04
7.632462952945691555e-04
8.357578820626562202e-04
7.550047899712808647e-04
7.623167359270155864e-04
6.108992422620455279e-04
7.332173496251926043e-04
5.599486927773492670e-04
5.812489514937623902e-04
4.980671462059641516e-04
5.184972353163175719e-04
4.654788739571813277e-04
4.466565485927276422e-04
3.929148420866113373e-04
3.972229425320013664e-04
2.948158251759498976e-04
3.709420268326842681e-04
4.030451763052648627e-04
4.152811510721221349e-04
5.113376988447271504e-04
6.118347509376083305e-04
6.874124475871213214e-04
5.622846962069161453e-04
4.175535194614591770e-04
3.929555241484194994e-04
5.549724252584079540e-04
5.188395919200653687e-04
5.629486498946789435e-04
4.643949352612253170e-04
6.164849798854751036e-04
7.284890763306369312e-04
7.090449813404120722e-04
6.984414232041065819e-04
7.302063818012054057e-04
1.187379592253516103e-03
1.066855075381075314e-03
9.705587843200191422e-04
7.092790018456677668e-04
5.025579831756961770e-04
5.172089896708105929e-04
9.681989273910099900e-04
1.687512366333976345e-03
1.174812243940929644e-03
9.732633518675962939e-04
6.767563812900334380e-04
5.820854794971334943e-04
4.508278235637893207e-04
4.242694005370139967e-04
4.165019379191411183e-04
4.928114593591696345e-04
4.798630567772003692e-04
3.595695350668393184e-04
5.344260420921879799e-04
3.797270005937510733e-04
4.739098951783186301e-04
3.320079108865078171e-04
3.755083336727693569e-04
2.473997068591415665e-04
5.029484009961986178e-04
4.632027879173013511e-04
4.238288645865395774e-04
6.048026058124378540e-04
4.912688846161472611e-04
3.530177296852343933e-04
3.559131126773233287e-04
3.065134951611980796e-04
3.311307662443141561e-04
3.453896138429021095e-04
5.077063421291919685e-04
4.246169111866038184e-04
4.037528435825758159e-04
4.736904349556425478e-04
6.203850280144251883e-04
6.602280656807125048e-04
3.587338159074230813e-04
5.159369888133369169e-04
3.728463620063848577e-04
3.325305195176042725e-04
2.699458770924441971e-04
2.927953057223930847e-04
3.206414604089028787e-04
3.215450410304280366e-04
2.130886007459291073e-04
2.686849527284115077e-04
3.289251550086192072e-04
3.057862996987144701e-04
2.321407007305727524e-04
3.481480806537244231e-04
4.386748706262248222e-04
4.989586940306859784e-04
6.828535372430148079e-04
9.426752047147601409e-04
7.834274962078780153e-04
6.335448781707479163e-04
5.697638630711783676e-04
5.059491183298329151e-04
4.845055227633565664e-04
3.361428694915957966e-04
4.419368814221040108e-04
2.657650789236262073e-04
4.033515901634624596e-04
2.693914284463971853e-04
3.124155562545638640e-04
1.978369439711968989e-04
2.365692837580960991e-04
3.015970413495476119e-04
4.203902622672709755e-04
5.129230325110256455e-04
9.220999248403435314e-04
1.223660988034680442e-03
8.891328213697609947e-04
8.079172456442999415e-04
8.142447370725373283e-04
6.259402973228134649e-04
4.256564342843679126e-04
6.005585380383612112e-04
8.525633951649069569e-04
8.083206708154951244e-04
4.937873853729494609e-04
3.997829977985626888e-04
4.747651585300142422e-04
4.481748134518663269e-04
3.003742571915305587e-04
4.945097001230654979e-04
3.305106967066725023e-04
3.210172401547121360e-04
2.775068065754264122e-04
2.374405070440843756e-04
2.049388428228363925e-04
2.272004259187572874e-04
1.835824543983714471e-04
2.739532118842665453e-04
3.399093299473558423e-04
3.742062745004659519e-04
3.270926744638321336e-04
2.553558477302431237e-04
2.409181324765086174e-04
2.570025849915206551e-04
5.793199925392400473e-04
3.794492648012237732e-04
3.685953965941735078e-04
4.457490465332133219e-04
3.653531099795752075e-04
3.497520806073831762e-04
3.464965840976219516e-04
2.437839005627514264e-04
3.422286162579742607e-04
3.842806441146725421e-04
3.205044908099807582e-04
2.869179985888574143e-04
3.112265561261058915e-04
1.754493220232689109e-04
2.898556733877436734e-04
2.127866419565786261e-04
2.526187605326413394e-04
3.042185569938738007e-04
4.680263572178470664e-04
5.497162099345586760e-04
4.764579920447431288e-04
3.445466827542986721e-04
3.595031130923113439e-04
3.213764886216570861e-04
2.256356723592034595e-04
7.437072034614781611e-04
1.047030712167422049e-03
9.235965888365171416e-04
5.752571897270779321e-04
4.136719365305907667e-04
3.039827756462424430e-04
2.727014905758551430e-04
3.926397420097297751e-04
3.480232216437192049e-04
3.297393426085666883e-04
4.156966945932557005e-04
