3.953333348035812517e-02
1.281999997794628088e-01
1.327333343525727571e-01
1.312000006437301636e-01
4.460000044976671768e-02
1.018000006054838452e-01
1.629333342115084349e-01
1.604000007112821036e-01
1.602000015477339501e-01
1.645333339770634895e-01
1.622666671872138866e-01
1.601999990642070659e-01
1.080666675542791694e-01
1.653999994198481205e-01
2.067333330710728889e-01
2.108666673302650452e-01
1.949333339929580633e-01
1.822000001867612184e-01
1.968666652838389208e-01
1.796000003814697266e-01
2.150666664044062204e-01
2.076000014940897753e-01
2.411333357294400404e-01
2.681999976436297284e-01
2.790000001589457157e-01
2.785999983549117820e-01
2.805333321293195237e-01
2.690666660666465870e-01
2.334666664401690295e-01
2.291333332657813915e-01
2.410666684309641650e-01
2.402000005046526498e-01
2.472000007828076551e-01
2.783333336313565387e-01
2.160666664441426577e-01
2.282000005245208851e-01
2.842666655778884888e-01
3.174666653076807510e-01
3.370666652917861938e-01
3.405999968449274773e-01
3.569333324829737086e-01
3.588000019391378026e-01
3.635333369175592910e-01
3.773999989032745250e-01
3.942000011603037368e-01
4.270666688680648804e-01
4.531999995311101204e-01
4.575333327054977306e-01
4.566666682561238422e-01
4.689333329598108779e-01
4.176666637261708392e-01
4.620000004768371471e-01
4.111333330472310421e-01
3.852666666110356464e-01
4.501999984184900661e-01
4.681999981403350830e-01
4.859999974568685044e-01
4.884666641553243038e-01
5.186666667461394820e-01
5.207333326339721458e-01
5.179999957482019912e-01
5.419999996821085464e-01
5.357999970515568977e-01
5.440000037352243911e-01
5.487333357334136519e-01
5.682000060876210012e-01
5.798666656017303911e-01
5.716666678587595252e-01
5.883999983469645478e-01
5.940666655699412546e-01
5.975999951362609419e-01
6.020000040531158225e-01
6.024000008900960434e-01
6.106666624546051025e-01
6.090666651725769043e-01
6.258666714032491418e-01
6.232666671276092529e-01
6.208666642506917022e-01
6.261999984582264922e-01
6.295333385467529741e-01
6.464000006516774643e-01
6.422666649023691665e-01
6.515333314736684311e-01
6.521999955177306685e-01
6.514666636784871567e-01
6.552000045776367188e-01
6.371333360671996848e-01
6.606666664282481172e-01
6.526000022888183150e-01
6.681333343187968454e-01
6.717999974886575965e-01
6.772000014781951460e-01
6.774000028769174842e-01
6.859333316485086707e-01
6.916666666666666519e-01
6.814000010490417480e-01
6.899999996026356941e-01
6.972666720549265396e-01
6.765333314736684533e-01
6.967999974886576187e-01
7.006666640440623040e-01
7.057999988396962410e-01
7.037333309650420921e-01
7.160666644573211448e-01
7.161999960740407234e-01
7.138666629791259322e-01
7.133333285649617883e-01
7.171333372592926247e-01
7.234666605790456284e-01
7.240666667620341279e-01
7.319333334763844512e-01
7.268000046412149695e-01
7.259333391984303940e-01
7.325999995072682847e-01
7.383333305517832956e-01
7.389999985694885032e-01
7.338000039259592322e-01
7.386666695276896677e-01
7.400666693846384980e-01
7.479999979337056404e-01
7.436666687329610559e-01
7.515333394209543494e-01
7.572000026702880859e-01
7.457333266735076682e-01
7.500000000000000000e-01
7.429333349068959480e-01
7.483333309491475571e-01
7.556000014146169175e-01
7.625333408514658462e-01
7.663999974727631059e-01
7.616666654745737342e-01
7.686000009377796927e-01
7.600666662057240508e-01
7.696666657924652322e-01
7.612666686375936242e-01
7.672666708628336218e-01
7.644000033537546868e-01
7.716666559378305701e-01
7.819333354632059807e-01
7.737333317597706595e-01
7.811333278814951431e-01
7.852666676044464111e-01
7.847333331902821563e-01
7.913999974727630171e-01
7.887333333492279053e-01
7.949333310127257857e-01
7.925333360830942864e-01
7.996000031630198235e-01
8.024666666984557883e-01
7.890666683514913071e-01
8.022666712601979055e-01
7.987333357334136519e-01
8.024000048637389693e-01
7.981333315372467485e-01
8.044666667779286628e-01
8.066666702429453606e-01
8.028000056743621604e-01
8.142666657765705862e-01
8.064666668574015373e-01
7.980000019073486550e-01
7.949333409468333222e-01
8.114666700363158958e-01
8.126000006993611136e-01
8.066000004609426011e-01
8.172666649023692109e-01
8.140666723251342995e-01
8.171999971071879365e-01
8.138000051180521721e-01
8.165999988714853774e-01
8.196000039577484575e-01
8.150666733582814238e-01
8.247333387533823945e-01
8.174666722615560044e-01
8.230000078678131326e-01
8.242666661739349587e-01
8.256666620572408188e-01
8.253999968369801765e-01
8.214666744073232385e-01
8.235333343346913360e-01
8.247999966144561323e-01
8.259333352247874016e-01
8.312666694323221916e-01
8.318666676680247507e-01
8.316000024477641084e-01
8.268000046412150583e-01
8.347999989986419900e-01
8.336000025272369829e-01
8.286000013351439986e-01
8.269333362579345259e-01
8.352666676044464555e-01
8.353999992211659231e-01
8.361333370208740012e-01
8.302000006039936819e-01
8.335333327452342234e-01
8.320000032583872995e-01
8.407999972502390174e-01
8.378000001112619888e-01
8.422666649023692331e-01
8.411999980608622085e-01
8.384666621685028520e-01
8.452000041802724128e-01
8.317999978860218802e-01
8.451333343982696533e-01
8.480666657288868926e-01
8.492000023523966767e-01
8.456666688124339082e-01
8.489999969800313684e-01
8.491333325703939172e-01
8.438666621843974314e-01
8.505999962488810517e-01
8.523999989032745583e-01
8.526000022888183816e-01
8.527333339055379602e-01
8.567999978860219024e-01
8.431333343187967788e-01
8.374666730562846384e-01
8.512666662534077444e-01
8.558666646480560525e-01
8.552666604518890381e-01
8.527333279450733938e-01
8.584666629632313750e-01
8.593999922275543657e-01
8.521999975045522202e-01
8.595333317915598847e-01
8.619999945163726585e-01
8.593999962011973359e-01
8.527333279450733938e-01
8.602666636308033965e-01
8.622666696707407263e-01
8.510666668415070024e-01
8.606666644414265877e-01
8.601999998092650923e-01
8.599333306153614798e-01
8.566666682561238089e-01
8.588666598002115959e-01
8.651999970277149954e-01
8.581333319346110544e-01
8.636666655540465865e-01
8.661999960740407456e-01
8.603333373864491262e-01
8.606000026067097686e-01
8.607333322366078621e-01
8.649999996026357385e-01
8.579333364963531716e-01
8.659333348274230735e-01
8.659333308537801033e-01
8.668000022570292451e-01
8.642666637897491455e-01
8.693333248297373528e-01
8.664666672547658433e-01
8.679333349068959480e-01
8.691333274046579849e-01
8.648666679859161599e-01
8.700666685899098862e-01
8.659999946753184075e-01
8.733333289623260720e-01
8.684666633605957475e-01
8.537333289782206291e-01
8.663333356380462646e-01
8.688666582107543723e-01
8.682000001271565903e-01
8.680666625499725564e-01
8.734666645526886208e-01
8.758000016212463823e-01
8.745999972025553237e-01
8.748666683832804214e-01
8.725333352883656302e-01
8.753333350022634018e-01
8.693333347638447783e-01
8.668000022570292451e-01
8.571333348751067893e-01
8.663333396116892349e-01
8.743999958038329856e-01
8.658666650454203140e-01
8.755333324273427698e-01
8.717333356539408440e-01
8.798666695753732947e-01
8.797333379586537161e-01
8.723333319028218069e-01
8.759333391984304162e-01
8.761999964714050071e-01
8.810666680335998979e-01
8.782666703065236113e-01
8.797999997933705352e-01
8.775999983151753225e-01
8.756666680177053186e-01
8.796666622161865012e-01
8.765333334604898941e-01
8.743333359559376516e-01
8.774000008900960657e-01
8.734000027179718018e-01
8.786666651566823472e-01
8.794666647911071333e-01
8.637999951839446799e-01
8.712666630744934082e-01
8.759333352247874460e-01
8.801999966303507561e-01
8.795333345731098929e-01
8.778666635354359649e-01
8.800666650136311775e-01
8.755333344141642549e-01
8.829999983310699019e-01
8.782000005245208518e-01
8.781999945640563965e-01
8.835333307584126716e-01
8.850000063578288279e-01
8.849333345890044722e-01
8.878666798273722183e-01
8.845333317915599070e-01
8.857333362102508545e-01
8.854000031948089378e-01
8.853333393732706336e-01
8.783999999364217048e-01
8.851333340009053252e-01
8.878000001112620332e-01
8.896000027656555398e-01
8.857333322366078843e-01
8.891333361466725593e-01
8.861333350340525605e-01
8.855333348115285164e-01
8.909333328406016106e-01
8.893333375453948975e-01
8.884666721026103220e-01
8.871999998887379890e-01
8.900000095367431863e-01
8.931333382924397934e-01
8.910666704177856445e-01
8.885333319505055449e-01
8.864000022411346880e-01
8.932000021139780976e-01
8.930666685104370339e-01
8.910666664441426743e-01
8.936666727066040483e-01
8.913333336512248017e-01
8.802666664123535156e-01
8.911333342393239487e-01
8.895333329836527803e-01
8.847333391507467004e-01
8.900666634241739539e-01
8.920666734377543650e-01
8.934666633605956587e-01
8.932666679223378869e-01
8.904000043869018111e-01
8.924666702747344749e-01
8.926666716734568130e-01
8.947333335876465066e-01
8.936000029246012888e-01
8.941333333651224624e-01
8.980000058809916030e-01
9.002000013987223603e-01
8.952666680018107614e-01
8.948666671911875703e-01
8.956666668256123565e-01
8.963999946912130090e-01
8.925333321094512939e-01
8.882000048955281946e-01
8.964000026384989495e-01
8.994666695594787376e-01
8.984666665395101282e-01
9.013333340485890632e-01
9.000666677951812966e-01
8.851333439350128618e-01
8.922000010808308623e-01
8.940666695435841582e-01
8.974000016848245886e-01
8.956666628519693862e-01
8.976666669050852310e-01
9.002666691939036347e-01
9.009333332379658721e-01
9.016666710376739502e-01
9.006000002225239554e-01
9.012666642665863037e-01
9.029999971389770508e-01
8.993333359559376738e-01
9.009999990463256614e-01
8.996666689713795906e-01
8.974666694800058631e-01
8.998000045617421394e-01
9.030666669209798103e-01
9.018000026543935288e-01
9.020000060399373520e-01
8.963999966780344941e-01
8.939333299795786392e-01
9.019333342711131074e-01
9.000666638215383264e-01
9.051999986171722634e-01
9.056666632493336477e-01
9.034666657447815163e-01
9.017999986807505586e-01
8.988000015417735300e-01
9.017999966939290735e-01
9.010666668415069358e-01
9.035333295663198205e-01
9.021999975045521536e-01
9.051333328088124741e-01
9.084000011285146003e-01
9.072666684786478974e-01
9.009333391984303274e-01
9.074666639169056692e-01
9.101999998092651367e-01
9.078000028928120413e-01
9.084666629632314194e-01
9.071333328882853486e-01
9.066000084082285193e-01
9.048666715621948020e-01
9.029333333174387466e-01
9.122000038623809814e-01
9.066666642824808831e-01
9.089333395163218254e-01
9.076000014940898142e-01
9.100666662057240730e-01
9.055333375930786355e-01
9.095333337783813032e-01
9.044000009695688513e-01
9.025333325068155554e-01
9.078000028928120413e-01
9.057333370049794885e-01
9.091333329677582231e-01
9.053333361943562974e-01
9.045333325862884299e-01
9.087333361307780022e-01
9.000666658083598115e-01
9.029999991257985359e-01
9.101999978224436516e-01
9.080666661262511985e-01
9.116666654745737564e-01
9.114000022411345991e-01
9.125333368778228982e-01
9.103333314259847153e-01
9.052666683991750229e-01
9.087333341439565171e-01
9.023333291212717322e-01
9.077333370844523630e-01
9.115333318710326926e-01
9.145333290100097212e-01
9.118000010649363052e-01
9.082666675249735366e-01
9.129999975363413123e-01
9.097999989986419456e-01
9.112666686375935354e-01
9.137333313624064202e-01
9.130666732788086382e-01
9.139999985694885476e-01
9.048666675885518318e-01
9.103333334128062004e-01
9.088000039259592766e-01
9.042666713396708689e-01
9.093333343664805613e-01
9.100000023841857688e-01
9.147333343823750296e-01
9.102000057697295921e-01
9.141333321730296113e-01
9.132666687170664099e-01
9.149333318074543975e-01
9.152000010013580100e-01
9.172666589419047334e-01
9.174666663010915268e-01
9.146666646003722700e-01
9.111333350340525827e-01
9.143333335717519494e-01
9.136666695276896011e-01
9.136000037193298118e-01
9.156666636466980203e-01
9.117333332697550308e-01
9.155999998251597161e-01
9.126666684945424768e-01
9.116666654745737564e-01
9.162666658560435495e-01
9.126666665077209917e-01
9.155999998251597161e-01
9.133999963601430183e-01
9.142666677633921601e-01
9.170666714509327910e-01
9.090666691462199189e-01
8.872666716575622337e-01
9.032666643460591782e-01
9.146666725476583215e-01
9.110000014305115190e-01
9.108666698137919404e-01
9.144000013669332239e-01
9.177999973297119585e-01
9.167333344618479041e-01
9.152666727701822547e-01
9.160000006357829072e-01
9.124000012874603494e-01
9.122666656970978005e-01
9.153999984264373779e-01
9.153333346048990737e-01
9.133333345254261992e-01
9.084000031153360855e-01
9.160000026226043923e-01
9.163999994595845022e-01
9.183333337306975874e-01
9.206666588783264382e-01
9.203333357969919470e-01
9.165333330631255659e-01
9.174666702747344971e-01
9.164000014464060984e-01
9.132666647434234397e-01
9.194666703542073716e-01
9.234666625658670691e-01
9.213999927043914351e-01
9.213333328564962121e-01
9.198000013828278032e-01
9.188666681448618423e-01
9.114666680494943884e-01
9.200000047683716264e-01
9.184666633605956809e-01
9.182666679223377981e-01
9.179333368937174775e-01
9.120000044504801284e-01
9.202666660149891875e-01
9.197999993960063181e-01
9.225999991099039788e-01
9.239999969800313240e-01
9.214666704336802461e-01
9.202666680018106726e-01
9.216666618982950476e-01
9.255333324273427031e-01
9.215333342552185503e-01
9.242666661739349365e-01
9.222000002861022727e-01
9.227333327134450425e-01
9.256000022093454627e-01
9.212666690349579079e-01
9.253333330154418501e-01
9.210666656494140847e-01
9.260000010331471687e-01
9.262666682402292961e-01
9.248000005880991914e-01
9.251999954382578162e-01
9.222666700681050322e-01
9.076666692892710886e-01
9.032666663328806633e-01
9.140666643778483369e-01
9.206666668256123787e-01
9.194666663805644014e-01
9.195333381493886460e-01
9.233999947706857947e-01
9.230666677157084443e-01
9.256000002225239776e-01
9.232666671276092973e-01
9.290000021457671675e-01
9.265333334604899385e-01
9.260666628678639878e-01
9.226666649182637681e-01
9.184666653474171660e-01
9.260666648546854729e-01
9.258666674296061050e-01
9.259333332379658943e-01
9.241999983787536621e-01
9.282000005245208962e-01
9.231999993324280229e-01
9.255333324273427031e-01
9.244666715463002449e-01
9.233333349227905718e-01
9.259999970595041985e-01
9.287999947865803740e-01
9.279333353042602539e-01
9.259333352247873794e-01
9.279333333174387688e-01
9.271333277225494163e-01
9.217999994754790816e-01
9.214666664600372759e-01
9.264000038305918450e-01
9.252000013987223825e-01
9.241999963919321770e-01
9.272666712601979055e-01
9.270000000794728079e-01
9.202666660149891875e-01
9.199333329995472708e-01
9.242666602134704812e-01
9.292000015576680205e-01
9.284666697184245088e-01
9.237333357334136519e-01
9.270666599273681419e-01
9.293999930222829331e-01
9.259333332379658943e-01
9.272666593392689949e-01
9.288666705290476999e-01
9.250666658083598337e-01
9.218666632970173858e-01
9.107333342234293916e-01
9.188666721185048125e-01
9.140666623910268518e-01
9.189333339532216316e-01
9.239333351453145049e-01
9.293333292007446289e-01
9.250666658083598337e-01
9.238000055154164114e-01
9.141333321730296113e-01
9.237999995549519561e-01
9.282666703065236558e-01
9.300666630268097368e-01
9.264000018437703599e-01
9.271333356698353567e-01
9.302666703859965303e-01
9.285999993483226023e-01
9.314666688442230225e-01
9.282666643460592004e-01
9.305333316326140913e-01
9.324666678905486616e-01
9.339333295822143111e-01
9.325333317120869658e-01
9.309333324432372825e-01
9.323333362738291941e-01
9.328000009059905784e-01
9.333333253860474077e-01
9.346666653951009041e-01
9.369333287080129358e-01
9.349333365758260017e-01
9.331333339214324951e-01
9.206000030040740745e-01
9.205333332220713149e-01
9.296000043551126968e-01
9.350666701793670654e-01
9.346000015735625999e-01
9.366666634877522934e-01
9.369333346684773911e-01
9.309333324432372825e-01
9.301333288351695261e-01
9.271333316961923865e-01
9.309999962647755867e-01
9.327333291371663337e-01
9.342000007629394087e-01
9.334666649500529267e-01
9.329333325227101570e-01
9.324666678905486616e-01
8.877333323160807588e-01
9.111333350340525827e-01
9.180666685104370561e-01
9.214666644732157907e-01
9.198666671911875925e-01
9.146666646003722700e-01
9.188000003496805679e-01
9.228666683038075913e-01
9.325999975204467551e-01
9.301333347956339814e-01
9.288000067075093957e-01
9.324666639169056914e-01
9.334000011285146226e-01
9.307333330313364295e-01
9.314666668574015373e-01
9.336666643619537798e-01
9.353333314259847375e-01
9.325999995072682403e-01
9.271333336830138716e-01
9.325999995072682403e-01
9.312666654586791992e-01
9.319333334763845178e-01
9.346666574478149636e-01
9.355333367983500459e-01
9.317333340644836648e-01
9.308666666348774932e-01
9.343333343664804724e-01
9.329333305358886719e-01
9.366000016530354744e-01
9.355333328247070757e-01
9.311333358287811057e-01
9.329999983310699463e-01
9.361999968687693130e-01
9.359999994436899451e-01
9.364666660626729255e-01
9.372666617234547415e-01
9.379333317279815452e-01
9.415999948978424072e-01
9.313999990622202629e-01
9.197999993960063181e-01
9.221999943256378174e-01
9.321333309014637747e-01
9.278666675090789795e-01
9.240666667620340835e-01
9.307999928792317634e-01
9.345333337783813255e-01
9.281999925772349558e-01
9.307333350181579146e-01
9.352000037829081291e-01
9.366666654745737786e-01
9.367333332697550530e-01
9.395333290100097434e-01
9.391999979813893118e-01
9.385999997456868638e-01
9.110666672388713083e-01
8.790000021457672341e-01
9.019999980926514116e-01
9.124666710694631089e-01
9.220000008742014197e-01
9.279333353042602539e-01
9.289999981721241973e-01
9.339999953905741004e-01
9.347999989986419678e-01
9.349333306153615464e-01
9.175999959309896203e-01
9.273333311080932395e-01
9.302666644255320749e-01
9.346000015735625999e-01
9.340666671593983450e-01
9.373999933401743201e-01
9.354666670163472864e-01
9.361333350340524939e-01
9.366666595141093232e-01
9.397333284219105964e-01
9.397333343823750518e-01
9.380666613578796387e-01
9.397333323955535667e-01
9.404666582743327341e-01
9.400666614373525132e-01
9.403999944527944299e-01
9.393999993801116499e-01
9.442666669686635705e-01
9.399999996026356941e-01
9.413333336512247351e-01
9.400666634241739983e-01
9.413333296775817649e-01
9.434666613737742180e-01
9.437333325544993157e-01
9.375333348910014353e-01
9.369333267211914507e-01
9.365999937057495339e-01
9.403999984264374001e-01
9.377333283424377219e-01
9.401333272457123025e-01
9.407999952634175100e-01
9.364666620890299553e-01
9.383999983469645256e-01
9.421333372592926025e-01
9.411333342393238821e-01
9.402000029881795173e-01
9.379999955495198494e-01
9.404000024000803704e-01
9.396666606267293220e-01
9.402666648228963364e-01
9.379999975363413345e-01
9.353999912738799605e-01
9.347999970118204827e-01
9.387333293755849573e-01
9.393333295981088904e-01
9.403999964396159150e-01
9.404666642347971894e-01
9.367999990781148423e-01
9.409999907016753928e-01
9.356666684150696245e-01
9.396000007788339881e-01
9.417333225409190156e-01
9.397333284219105964e-01
9.413999974727630393e-01
9.439333399136861091e-01
9.452000002066294204e-01
9.378666659196217559e-01
9.418666601181030495e-01
9.372000018755595185e-01
9.322666625181833533e-01
9.351333280404409143e-01
9.387333333492279275e-01
9.428666651248931441e-01
9.407333215077717803e-01
9.436000009377797371e-01
9.427999973297118697e-01
9.334666649500529267e-01
9.351333300272623994e-01
9.393333295981088904e-01
9.387999971707662317e-01
9.393333315849303755e-01
9.447999993960062293e-01
9.447999954223632590e-01
9.344666679700215361e-01
9.388666669527689912e-01
9.434666653474171882e-01
9.302666683991750451e-01
9.297333319981893052e-01
9.392666677633921823e-01
9.413333316644032500e-01
9.423333326975504853e-01
9.430666565895080566e-01
9.447999974091847442e-01
9.443333268165587935e-01
9.425999959309895315e-01
9.468666632970174080e-01
9.452666699886321799e-01
9.422666589419047556e-01
9.426666637261708059e-01
9.431333343187967566e-01
9.419333318869272942e-01
9.378000001112619666e-01
9.428666631380716590e-01
9.319333275159199514e-01
9.114000022411345991e-01
9.217999994754790816e-01
9.345333278179168701e-01
9.383333325386047363e-01
9.381999969482421875e-01
9.445333321889241018e-01
9.434666633605957031e-01
9.420666635036468728e-01
9.440666635831197473e-01
9.436666627724965561e-01
9.399999976158142090e-01
9.441333333651225068e-01
9.491333266099294397e-01
9.447333316008249549e-01
9.422666649023692109e-01
9.445333321889241018e-01
9.443333367506663301e-01
9.454666654268900627e-01
9.422666668891906960e-01
9.471333285172780503e-01
9.425333360830943086e-01
9.329999963442484612e-01
9.416666646798451668e-01
9.376666605472564475e-01
9.426666637261708059e-01
9.432666679223378203e-01
9.313333272933960183e-01
9.195333282152812204e-01
9.280666649341583474e-01
9.246000011761983384e-01
9.363999982674916511e-01
9.365333278973897446e-01
9.377333283424377219e-01
9.433999995390573989e-01
9.408000032107035615e-01
9.405999958515167680e-01
9.444666643937428274e-01
9.462000012397766557e-01
9.459999958674113474e-01
9.455333312352498520e-01
9.493999977906545373e-01
9.478666663169861284e-01
9.463333288828531531e-01
9.493333280086517778e-01
9.483999888102213616e-01
9.497333347797394243e-01
9.461999952793120894e-01
9.451999962329864502e-01
9.405333280563354936e-01
9.401333312193552727e-01
9.445999999841053762e-01
9.441999951998393259e-01
9.453999976317087883e-01
9.475999991099040010e-01
9.475333372751871819e-01
9.475999971230825158e-01
9.460666676362355920e-01
9.501333296298980491e-01
9.481333295504251746e-01
9.470666646957397461e-01
9.489333291848500718e-01
9.431333303451537864e-01
9.422666629155477258e-01
9.473333338896433586e-01
9.477333307266235796e-01
9.378666579723358154e-01
9.389999985694885698e-01
9.420666654904683579e-01
9.190666655699412102e-01
9.342000027497608938e-01
9.351999958356221887e-01
9.398666620254516602e-01
9.415333330631255881e-01
9.362000028292337683e-01
9.409333288669585738e-01
9.396666646003722922e-01
9.424666643142700639e-01
9.471999982992808098e-01
9.503999928633372063e-01
9.498666644096374068e-01
9.481333295504251746e-01
9.497333367665609094e-01
9.514666616916656050e-01
9.502666632334391128e-01
9.477999965349833689e-01
9.524666666984558105e-01
9.492666602134705034e-01
9.510000010331471909e-01
9.490666627883911355e-01
9.506666620572408188e-01
9.276666621367136711e-01
9.142000019550323708e-01
9.131999989350636504e-01
9.222666641076405769e-01
9.314666628837585671e-01
9.324000020821888723e-01
9.442666629950206003e-01
9.449999988079070823e-01
9.411333342393238821e-01
9.473333378632863289e-01
9.471333305040995354e-01
9.490666608015696504e-01
9.499333262443542258e-01
9.514666656653086863e-01
9.512666622797648630e-01
9.499999999999999556e-01
9.522666692733764426e-01
9.529999951521556101e-01
9.494666675726572969e-01
9.529999971389770952e-01
9.534666637579599646e-01
9.481333275636036895e-01
9.481333335240681448e-01
9.519333322842915557e-01
9.459999998410543176e-01
9.473333299160003884e-01
9.518666644891102813e-01
9.549333333969116655e-01
9.492666681607564438e-01
9.412666698296864309e-01
9.461999992529551706e-01
9.473333319028218735e-01
9.459999998410543176e-01
9.531999985376994333e-01
9.504666646321614509e-01
9.419333318869272942e-01
9.174666643142700417e-01
9.273999989032745139e-01
9.297999978065490945e-01
9.327999989191690933e-01
9.430666665236154822e-01
9.456666648387909158e-01
9.477999965349833689e-01
9.481333335240681448e-01
9.498666624228159217e-01
9.471333324909210205e-01
9.483333309491475127e-01
9.521999975045521980e-01
9.509333332379659165e-01
9.467333316802978294e-01
9.455999970436096413e-01
9.548000017801920869e-01
9.533999959627786902e-01
9.487333317597707039e-01
9.550666610399881629e-01
9.542666653792063469e-01
9.484666605790456062e-01
9.495333313941956010e-01
9.554666658242543242e-01
9.395999968051910178e-01
9.420000016689300537e-01
9.462666650613148489e-01
9.515999972820281538e-01
9.472666660944620842e-01
9.473999917507172075e-01
9.528666655222575166e-01
9.501333276430765640e-01
9.521333297093709236e-01
9.563333312670390107e-01
9.559333304564158196e-01
9.492666602134705034e-01
9.488666653633117676e-01
9.587999979654947547e-01
9.549999952316283736e-01
9.538000007470448516e-01
9.529333333174387910e-01
9.445333341757456980e-01
9.403999924659729448e-01
9.458666622638702837e-01
9.479999959468841109e-01
9.378666639328002708e-01
9.367999951044718721e-01
9.399333258469899643e-01
9.406000018119812234e-01
9.364666640758514404e-01
9.449333290259043228e-01
9.437999943892161347e-01
9.474666635195414521e-01
9.295999964078267563e-01
9.361333370208739790e-01
9.482666591803232681e-01
9.511999964714050737e-01
9.501999994119008086e-01
9.515333275000253943e-01
9.517333388328552690e-01
9.437333305676778306e-01
9.513333320617676225e-01
9.502666652202605979e-01
9.490000049273172866e-01
9.546666681766510232e-01
9.571333348751067671e-01
9.561999956766764619e-01
9.501999974250793235e-01
9.564000030358632554e-01
9.564666608969371042e-01
9.557333270708719963e-01
9.566666622956593313e-01
9.578000009059906006e-01
9.580000003178914536e-01
9.485333363215128211e-01
9.520000000794728301e-01
9.517333348592121878e-01
9.403999984264374001e-01
9.436666627724965561e-01
9.487999995549519783e-01
9.489333252112071015e-01
9.480666637420653853e-01
9.559999962647756089e-01
9.534666617711384795e-01
9.499333242575327407e-01
9.437333305676778306e-01
9.504666666189829360e-01
9.513333320617676225e-01
9.528666655222575166e-01
