1.601374478389819625e-02
1.566379085804025378e-02
1.560759143903851440e-02
1.559440546358625140e-02
1.601716596633195877e-02
1.567964553833007743e-02
1.534361746162176202e-02
1.524772693713506017e-02
1.527787959203124116e-02
1.526690653214851992e-02
1.527724955230951379e-02
1.526528190200527463e-02
1.558772164086500746e-02
1.539699140315254483e-02
1.509751354654629944e-02
1.500238574420412370e-02
1.506205691645542792e-02
1.504917629063129425e-02
1.488367576772967917e-02
1.491354790826638493e-02
1.474763508886098827e-02
1.479068653037150620e-02
1.463994722192486081e-02
1.451993817463517224e-02
1.434492440894246171e-02
1.430614398171504292e-02
1.424517091363668511e-02
1.439713379368185928e-02
1.469195053602258445e-02
1.465259523441394228e-02
1.458097885673244852e-02
1.455312420924504552e-02
1.445319894701242378e-02
1.414315228660901341e-02
1.482269428670406411e-02
1.468589175492525031e-02
1.433152391885717664e-02
1.401005480438470910e-02
1.379280183464288642e-02
1.363475459317366363e-02
1.345749463265140909e-02
1.331217686335245745e-02
1.309055062010884216e-02
1.300615196426709551e-02
1.281599284460147210e-02
1.245894031599164078e-02
1.215863289932409864e-02
1.198581426093975680e-02
1.197247744227449180e-02
1.163620976731181110e-02
1.228591793527205808e-02
1.163991248855988231e-02
1.248936175058285372e-02
1.269736035416523662e-02
1.177499222879608426e-02
1.148676729450623206e-02
1.129153221845626866e-02
1.122373516360918727e-02
1.091715212290485758e-02
1.084640286862850224e-02
1.084143432478110007e-02
1.055120369419455459e-02
1.052589456861217736e-02
1.042577968910336425e-02
1.029354700197776182e-02
9.971186798065901497e-03
9.705042714873950496e-03
9.747428322831789768e-03
9.564947802573442459e-03
9.477490931749344219e-03
9.311757143586873661e-03
9.327511365214983391e-03
9.292525394509235440e-03
9.107370550433794079e-03
9.034416545182466854e-03
8.793821341047685161e-03
8.785374338428179886e-03
8.825153236587841843e-03
8.681784818569819248e-03
8.666022215038537979e-03
8.403601637110114791e-03
8.375991632541020596e-03
8.229014370590448726e-03
8.240977379803856792e-03
8.233084281285604072e-03
8.107617637142539371e-03
8.468763468166192257e-03
8.054593019187450756e-03
8.095025504007934830e-03
7.894559623673557888e-03
7.781552026669183962e-03
7.622316091631849318e-03
7.629576123630007166e-03
7.528302647794286699e-03
7.428876496851444591e-03
7.481487685193618196e-03
7.358356580759088314e-03
7.268364649886885874e-03
7.516067071507374214e-03
7.195238970840970617e-03
7.112864870578050613e-03
6.979006637508670258e-03
6.982569629326462572e-03
6.791538869341214209e-03
6.787734680498639338e-03
6.787240582828720122e-03
6.818732883160313202e-03
6.736122413227955096e-03
6.576909512902299332e-03
6.510453034813205517e-03
6.417738661790887804e-03
6.560768838971853603e-03
6.435078708454966892e-03
6.341039016842841929e-03
6.251290456081430059e-03
6.207199767231941223e-03
6.300592593227823460e-03
6.188025667021672047e-03
6.174370832741260702e-03
6.052097181479135744e-03
6.049748261769612688e-03
5.981352335462967844e-03
5.826485203579067837e-03
6.002353845785061114e-03
5.932446646814544707e-03
6.071380836268265926e-03
5.929075709233681130e-03
5.706099017212788553e-03
5.646903502444426334e-03
5.613181646913290371e-03
5.691459278265634768e-03
5.527252641816933661e-03
5.714718873302142114e-03
5.564775519693891323e-03
5.583325804521640373e-03
5.537783696005741871e-03
5.535708212604125572e-03
5.431142821907997305e-03
5.262898948664466656e-03
5.379779140154520266e-03
5.254614756753047712e-03
5.131994762147466631e-03
5.216714879497885878e-03
5.049695260822772980e-03
5.130263619745770685e-03
4.994945010791221850e-03
5.011996238802870172e-03
4.920783871784806425e-03
4.820075212046503674e-03
5.042269872501492327e-03
4.802248409638802326e-03
4.838072073956330328e-03
4.804024208957950390e-03
4.885229406257470854e-03
4.762183005611101555e-03
4.658253071829676975e-03
4.789220169186592102e-03
4.594776430167257786e-03
4.679508895302812548e-03
4.862553828085462541e-03
4.931669014816482746e-03
4.601362316558758707e-03
4.549108942349751675e-03
4.668498341925442045e-03
4.479105708499749906e-03
4.515779484063386744e-03
4.457843668448428082e-03
4.481818193259338480e-03
4.474480527763565786e-03
4.375129255155722242e-03
4.488325910642743111e-03
4.309162303494910688e-03
4.406449524685740818e-03
4.345514485612511982e-03
4.277413408271968191e-03
4.260292664791147203e-03
4.235935676842927759e-03
4.361078344906369961e-03
4.293148180780311830e-03
4.293130089839299231e-03
4.301861999556422581e-03
4.132476937957108194e-03
4.123927171652515440e-03
4.070216681187351949e-03
4.232083703391254295e-03
4.019148531369864941e-03
4.102846747264266361e-03
4.207381776844461643e-03
4.217090457677841533e-03
4.061127097035447699e-03
4.012739526418348558e-03
4.030836179542044741e-03
4.143782573131223404e-03
4.040699188287059582e-03
4.110720109504958052e-03
3.913276572711765419e-03
4.004757377939919226e-03
3.852000079738597191e-03
3.922171262092888529e-03
3.935064274507264412e-03
3.844485292211174878e-03
4.101553745567798441e-03
3.835421653153995615e-03
3.787934159239133344e-03
3.712618048302829179e-03
3.807680937461554917e-03
3.737630159594118769e-03
3.724478192937870791e-03
3.828536951914429665e-03
3.689638168240587119e-03
3.640437118398646629e-03
3.601528983563184565e-03
3.676170110702514735e-03
3.601627664950986674e-03
3.826818956683079604e-03
3.943540574982762510e-03
3.651150478981435386e-03
3.562273395558198091e-03
3.551847829173008803e-03
3.629522304981946858e-03
3.500139426129559792e-03
3.460206735568742160e-03
3.610704753858347878e-03
3.512786282226443117e-03
3.424650547094643029e-03
3.446771670132875356e-03
3.644261284110446742e-03
3.448502028671403784e-03
3.355276654474437237e-03
3.612477021912733569e-03
3.466882347129285509e-03
3.420263637478152940e-03
3.425360245940585729e-03
3.507682813021043965e-03
3.480956587009131735e-03
3.329705470241606149e-03
3.465630998834967787e-03
3.338817134499549952e-03
3.319406012694041137e-03
3.384631585019330213e-03
3.433635970577597445e-03
3.395531939653058731e-03
3.304288497505088618e-03
3.482987266033887950e-03
3.324719045000771624e-03
3.296041705956061826e-03
3.250398424764474291e-03
3.313859746170540448e-03
3.235924306015173536e-03
3.219032427296042442e-03
3.220978712973495122e-03
3.208946165007849679e-03
3.272871533408760851e-03
3.165884812672932740e-03
3.282355773262679403e-03
3.145960322581231421e-03
3.192849325326581854e-03
3.588332096114754677e-03
3.274901894231637290e-03
3.164815638835231319e-03
3.214681676278511539e-03
3.189212999617059997e-03
3.078854309084514719e-03
3.029066820939381975e-03
3.103622747585177248e-03
3.065432483951250914e-03
3.110366237039367560e-03
3.082437495080133077e-03
3.188170050270855340e-03
3.265187617701788714e-03
3.443363099358975974e-03
3.238944848999380892e-03
3.075411263853311712e-03
3.223825455643236724e-03
3.071499701278905276e-03
3.135660314001142979e-03
2.951713690223793391e-03
2.915313288879891034e-03
3.122131588558355909e-03
3.043449584705134291e-03
2.979691186919808214e-03
2.973162196576595393e-03
2.975746872834861279e-03
2.952364816640814290e-03
2.943332873595257658e-03
3.048760715561608416e-03
2.957233452859024236e-03
2.961388851205508117e-03
3.067688775869707295e-03
2.962830251393218806e-03
3.113850788213312799e-03
2.919816815604766008e-03
2.988025623684128270e-03
3.291153248089055162e-03
3.082172409631311720e-03
3.015344411445160591e-03
2.902953194764753154e-03
2.951175308165450949e-03
2.936284601067503438e-03
2.935864054597914132e-03
3.014835979168613810e-03
2.871243182259301287e-03
2.963568549603223801e-03
2.981832670047879393e-03
2.824573032557964498e-03
2.783124870620668108e-03
2.827856860434015390e-03
2.741504235503574183e-03
2.792148943990469066e-03
2.831773521999517932e-03
2.784108518001933864e-03
2.777272090315818960e-03
2.913349199419220260e-03
2.810489983918766123e-03
2.747647891131540284e-03
2.672397942903141383e-03
2.788483677431940859e-03
2.713539435838659489e-03
2.766838110983371561e-03
2.751740231178701097e-03
2.689247042872011575e-03
2.704225224442780105e-03
2.672831174762298461e-03
2.733367107187708363e-03
2.649678305412332072e-03
2.620018374485273954e-03
2.663943904917687004e-03
2.721139268639186874e-03
2.773563757849236214e-03
2.601979094712684668e-03
2.663618939307828542e-03
2.632529327335457123e-03
2.649016507590810660e-03
2.652258193120360201e-03
2.917491807602346030e-03
2.682223993663986669e-03
2.691407167973617915e-03
2.843648156461616502e-03
2.654568470704059008e-03
2.625932913118352290e-03
2.576469645525018490e-03
2.629631067005296606e-03
2.668506527940432433e-03
2.583835863818724921e-03
2.637709723785519600e-03
2.550040946031610200e-03
2.591260666182885510e-03
2.523692231625318440e-03
2.547780827929576383e-03
2.472378398912648476e-03
2.537185388306776885e-03
2.554862907466788971e-03
2.521762438118457621e-03
2.520942272773633516e-03
2.597480104304850015e-03
2.764987441090245926e-03
2.536657250796755213e-03
2.424920280463993723e-03
2.498569983678559578e-03
2.432785381097346631e-03
2.497507596854120319e-03
2.756465078952411926e-03
2.677751441175739086e-03
2.578034787438809785e-03
2.509783813729882327e-03
2.539671592724820036e-03
2.483583296028276256e-03
2.459201635792851361e-03
2.407900414740045836e-03
2.438381290994584647e-03
2.427981747314333742e-03
2.397355344146490271e-03
2.404796797782182607e-03
2.416634563511858239e-03
2.389106740398953301e-03
2.475803749014933788e-03
2.517436809527377490e-03
2.455871210743983558e-03
2.345566866764177676e-03
2.413731929846107786e-03
2.427183332232137492e-03
2.496330707799643278e-03
2.577832046275337682e-03
2.438641836245854753e-03
2.435152473238607045e-03
2.290854824241250927e-03
2.346415957435965711e-03
2.365246973931789485e-03
2.388674486428499395e-03
2.435658453032374469e-03
2.412786257142821890e-03
2.419178280979394826e-03
2.328967361245304433e-03
2.403585286810993975e-03
2.292848902288824493e-03
2.269469725433737040e-03
2.288661637188245737e-03
2.408666656507800225e-03
2.302008413244038734e-03
2.181683519544700897e-03
2.270055961950371778e-03
2.272477035876363689e-03
2.291613506774107557e-03
2.274467668030411005e-03
2.340997375237444892e-03
2.363630943000316533e-03
2.163646051970620921e-03
2.309446529640505653e-03
2.239156266053517717e-03
2.290011414637168133e-03
2.212611290936668598e-03
2.315886178985238162e-03
2.264776550388584563e-03
2.271764186055709803e-03
2.375689633966733983e-03
2.234376706959058725e-03
2.266528162484367833e-03
2.217192164001365647e-03
2.293626517833520853e-03
2.336212984907130516e-03
2.249194021957616214e-03
2.458591243096937533e-03
2.384081156924366864e-03
2.207144516675422791e-03
2.247090773501743757e-03
2.201642212457955057e-03
2.217161247972399170e-03
2.151281250795970476e-03
2.202327762885640094e-03
2.327163886123647264e-03
2.223059663083404476e-03
2.367799088824540463e-03
2.220659346009294394e-03
2.172091874914864641e-03
2.094877790659665975e-03
2.174038428347557610e-03
2.242903034978856701e-03
2.106007328256964597e-03
2.206703741103410808e-03
2.153700733712563941e-03
2.146180575558294737e-03
2.120364333192507455e-03
2.125812069668124062e-03
2.317602377540121331e-03
2.189958968665450898e-03
2.230730540274331996e-03
2.317483028552184444e-03
2.220433092831323747e-03
2.185125074659784433e-03
2.135487839890023130e-03
2.184739790391176766e-03
2.098329326448341355e-03
2.122842206154018554e-03
2.084502985235303727e-03
2.091299703655143723e-03
2.023554985256244537e-03
2.084799595953275905e-03
2.109371075251450112e-03
2.144419526060422059e-03
2.100661909207701510e-03
2.095790319920827829e-03
2.099138917401432991e-03
2.065045483565578800e-03
2.144628984387963924e-03
2.076255700861414418e-03
2.113177243154496041e-03
2.181207702960819006e-03
2.067801728844642813e-03
2.149879482264319998e-03
2.041819827475895369e-03
2.118409591882179036e-03
2.102742278172324043e-03
2.001474456240733609e-03
2.265357086434960279e-03
2.737687931706507885e-03
2.374337252695113334e-03
2.056865755002945748e-03
2.197769730507085836e-03
2.201525420726587433e-03
2.036226432149608988e-03
2.024470044610400879e-03
2.057558267066876122e-03
2.099086464537928531e-03
2.077579273221393397e-03
2.144502968682597197e-03
2.121866494417190378e-03
2.070135735751440099e-03
2.116530186807115931e-03
2.106654671176026120e-03
2.229456362935403838e-03
2.082801412325352257e-03
2.109295964085807461e-03
1.994341654547800678e-03
1.941444499728580417e-03
1.996082494345804027e-03
2.067433115250120676e-03
2.028649688387910467e-03
2.056546652844796694e-03
2.142947287453959588e-03
1.998827140778302973e-03
1.933251561907430504e-03
1.941733155399561015e-03
1.951393322087824345e-03
1.968513661995530302e-03
1.975731854327022856e-03
2.155287036051352963e-03
1.971518372495969194e-03
1.999962221210201726e-03
2.031757484655827110e-03
2.003349561709910544e-03
2.176865151462455475e-03
1.969674113206565467e-03
1.976854163998116847e-03
1.918538368772715287e-03
1.861410262063145681e-03
1.951056268687049447e-03
1.965089200530201110e-03
1.899737383549412149e-03
1.837223333617051544e-03
1.932874512082586628e-03
1.892932904108117096e-03
1.924779572679350716e-03
1.911035284865647511e-03
1.864655075284341913e-03
1.918992008237789147e-03
1.888096060914297826e-03
1.891877246089279738e-03
1.849966065492480993e-03
1.816520739036301844e-03
1.861808189035703710e-03
1.835575688164681153e-03
1.930199842900037809e-03
2.240429911762475794e-03
2.368677977938204830e-03
2.104695319818953615e-03
1.974673600246508887e-03
1.968323222051064289e-03
1.967124415871997645e-03
1.869989931583404454e-03
1.896216844518979318e-03
1.867323725794752367e-03
1.919261366128921465e-03
1.778921962250024167e-03
1.823921257164329377e-03
1.821158387853453586e-03
1.914900219223151547e-03
1.972591477291037523e-03
1.844689948484301567e-03
1.837209185274938641e-03
1.829280219196031520e-03
1.892932616950323242e-03
1.797685884715368278e-03
1.862506021279841705e-03
1.888351802093287323e-03
1.865435213161011551e-03
1.883704886616518201e-03
1.816953190912802985e-03
1.768880865226189324e-03
1.818600723830362262e-03
1.832576383215685787e-03
1.809728269775708531e-03
1.803951687179505825e-03
1.940957247279584495e-03
1.916359663785745628e-03
1.863644889090210113e-03
1.840312495672454451e-03
1.865206608393540086e-03
1.816095446702092843e-03
1.793400477617979136e-03
2.008069306612014771e-03
1.965293167935063326e-03
1.868739052830884753e-03
1.807818771339952946e-03
1.795021886937320189e-03
1.909584660703937285e-03
1.817638714176913030e-03
1.774161607803155906e-03
1.791313771779338461e-03
1.815159700345247941e-03
1.798173385517050924e-03
1.862625187883774425e-03
1.932228127649674712e-03
2.166118938475847244e-03
2.027555477494994828e-03
2.116407477296888915e-03
1.983160083182155912e-03
1.859761413652449890e-03
1.770089314474413821e-03
1.842068814827750069e-03
1.847831202515711315e-03
2.094674634281546051e-03
1.885693299118429379e-03
1.777064365645249612e-03
1.736428538182129434e-03
1.818795800985147570e-03
1.798335509374737783e-03
1.717654274155696291e-03
1.794078953874607939e-03
1.718239020556211558e-03
1.754788906934360692e-03
1.701772131491452542e-03
1.695301399255792242e-03
1.668040935570994998e-03
1.669000073646505688e-03
1.750306268998732227e-03
1.705299888271838427e-03
1.654091496796657743e-03
1.663005747832357840e-03
1.624791293094555566e-03
1.587345555890351534e-03
1.592435198836028489e-03
1.682612618121008151e-03
1.913253994037707574e-03
1.938140916172414931e-03
1.727525144815444946e-03
1.639389460130284129e-03
1.632483951592197079e-03
1.597407006192952308e-03
1.604574798451115659e-03
1.752065556744734432e-03
1.736535395806034420e-03
1.834202177512148915e-03
1.715664674217502348e-03
1.684820783945421450e-03
1.621308286363879782e-03
1.646764778221646843e-03
1.655955139237145655e-03
1.688059054625531095e-03
2.711510999749104124e-03
2.174559763322273832e-03
1.984542123197267655e-03
1.938560601168622674e-03
1.963114948011934757e-03
2.096216900584598353e-03
2.014248856964210698e-03
1.916986715514212847e-03
1.708598155528307004e-03
1.731108656773964506e-03
1.734686817508190957e-03
1.670945610385388136e-03
1.664973054236421925e-03
1.705829539181043632e-03
1.712188093612591324e-03
1.635195776664962472e-03
1.648020523134618998e-03
1.667556438284615574e-03
1.823801201923439886e-03
1.682222099043428985e-03
1.676422524421165459e-03
1.676458294969052033e-03
1.594787100718046170e-03
1.631323892312745239e-03
1.667935474930951935e-03
1.703104330226779071e-03
1.629820136198153156e-03
1.653670760182042844e-03
1.591155386995524081e-03
1.590738984911392205e-03
1.691248586090902386e-03
1.617009192705154332e-03
1.594025940479089787e-03
1.597186620347201781e-03
1.555431242256114822e-03
1.569518982432782693e-03
1.561164603723834031e-03
1.481403010742117976e-03
1.656989881303161296e-03
1.944314482777068911e-03
1.934223629844685410e-03
1.692564164598782872e-03
1.759291548902789824e-03
1.847975161702682676e-03
1.702286380653579958e-03
1.638460066169500438e-03
1.744404439038286592e-03
1.716497307643294291e-03
1.606414789178719138e-03
1.592443409996728001e-03
1.590554858557879838e-03
1.529141620267182589e-03
1.527544382649163477e-03
1.550866248241315228e-03
2.215260438000162327e-03
2.955216258609046596e-03
2.343258789430062092e-03
2.147437457460910169e-03
1.913880230858922005e-03
1.777119061443954706e-03
1.712197053711861285e-03
1.619106364281227292e-03
1.614925847388804002e-03
1.606284625207384485e-03
2.018157656614978993e-03
1.763246887518713901e-03
1.693522022105753465e-03
1.613588910549878987e-03
1.634857225387046677e-03
1.561660055691997109e-03
1.631254027597606225e-03
1.584622217342257413e-03
1.576761420195301388e-03
1.512848772108554840e-03
1.513273261177043192e-03
1.536474609747529073e-03
1.511636752790461056e-03
1.506886631250381426e-03
1.501356088556349234e-03
1.492213962289194338e-03
1.488213427364826202e-03
1.415854052174836310e-03
1.501158469667037299e-03
1.461299706716090484e-03
1.490526518318802205e-03
1.438001341496904706e-03
1.433819365532447866e-03
1.421518119362493284e-03
1.521601128236701019e-03
1.575875324973215674e-03
1.553087281839301117e-03
1.501154173941661842e-03
1.526674876610438101e-03
1.490954872375975125e-03
1.489600853528827472e-03
1.566292198064426567e-03
1.537752749087909843e-03
1.438534168604140408e-03
1.490697268551836397e-03
1.517701870761811820e-03
1.536931000494708719e-03
1.486703260646512212e-03
1.482715376187115864e-03
1.467081586209436316e-03
1.541537434483567772e-03
1.614586073750009241e-03
1.611614496990417499e-03
1.527797508363922365e-03
1.532504994732638128e-03
1.469380043757458542e-03
1.464984957904865359e-03
1.582704298198223157e-03
1.463134660540769483e-03
1.560868058974544193e-03
1.497349461230138967e-03
1.468396520552535823e-03
1.470055353517333739e-03
1.432149232520411311e-03
1.392379201327761115e-03
1.401617804852624835e-03
1.516096716901908260e-03
1.448352347748974988e-03
1.597459249508877610e-03
1.660823779335866314e-03
1.612092391587793740e-03
1.515929051674902482e-03
1.449803359961758043e-03
1.439650834072381258e-03
1.401967679460843332e-03
1.419718548034628247e-03
1.656908146105706648e-03
1.593063294421881437e-03
1.482274243608117190e-03
1.527370190403113748e-03
1.470782320636014173e-03
1.391608648312588634e-03
1.382997707696631507e-03
1.634675295402606386e-03
1.535562584952761657e-03
1.399664169487853773e-03
1.731448589513699156e-03
1.724408283674468655e-03
1.489664703452338833e-03
1.471411747237046487e-03
1.469097055572395581e-03
1.429425028618425131e-03
1.372152799740433780e-03
1.397966127842664675e-03
1.405862363753840327e-03
1.334732181082169157e-03
1.376398839056491852e-03
1.421724667306989475e-03
1.448466430883854671e-03
1.433207496302202387e-03
1.479963003657758279e-03
1.533324764265368411e-03
1.425402188518394998e-03
1.683050591964274645e-03
2.161742867125818982e-03
1.887607275663564588e-03
1.610876786677787600e-03
1.531498157419264317e-03
1.531468630613138336e-03
1.399433248055477908e-03
1.396047514087210171e-03
1.446598721668124242e-03
1.386527018621563955e-03
1.400497353946169145e-03
1.487109808173651395e-03
1.407511668124546535e-03
1.291236580194284620e-03
1.347304537193849639e-03
1.428286733183388967e-03
1.368505278757462971e-03
1.411133022823681492e-03
1.359436678467318459e-03
1.437645199863860903e-03
1.352066005347296682e-03
1.440638113611688144e-03
1.665484171826392369e-03
1.453427365049719810e-03
1.557760608072082100e-03
1.432781945914029988e-03
1.437859074212610765e-03
1.709250403412928112e-03
1.930420717690139922e-03
1.753082642486939726e-03
1.843572990037500902e-03
1.582592725753784180e-03
1.556056563276797490e-03
1.546707469969987869e-03
1.391146735598643635e-03
1.487534171125541030e-03
1.467380558218186202e-03
1.363602740457281427e-03
1.335284756108497594e-03
1.355769888808329828e-03
1.347751143233229644e-03
1.282486160440991221e-03
1.314639092500631979e-03
1.344745066793014534e-03
1.298952653693656199e-03
1.280056815206383636e-03
1.254815969150513367e-03
1.327209492834905682e-03
1.370946317911147985e-03
1.479461866741379030e-03
1.463948628709961985e-03
1.409939183698346275e-03
1.379884240062286514e-03
1.363965240307152185e-03
1.311745744897052689e-03
1.299397369924311764e-03
1.323943810227016507e-03
1.340663890975216967e-03
1.277709843513245283e-03
1.278060604818165302e-03
1.308619655901566148e-03
1.295249164104461627e-03
1.419459232905258749e-03
1.411052434317146796e-03
1.327147154370322824e-03
1.324945573772614172e-03
1.524398724238077872e-03
1.493685475240151073e-03
1.443244349987556508e-03
1.992879532432804360e-03
1.625700225122272925e-03
1.593567000236362306e-03
1.509759272448718591e-03
1.431679112526277730e-03
1.553214539308101026e-03
1.481933150595674984e-03
1.473083083207408659e-03
1.440137613099068447e-03
1.352930045686662154e-03
1.247359189437702255e-03
1.256357985160623915e-03
1.295050336436058113e-03
1.259100660293673447e-03
1.250426564365625425e-03
1.248961832607164892e-03
1.286388879331449740e-03
1.208675631399576920e-03
1.243153177589798866e-03
1.218805396153281075e-03
1.234555500559508801e-03
1.230526290601119356e-03
1.792719663353636904e-03
2.134648434973011443e-03
2.153755677863955324e-03
1.929264919211467122e-03
1.665179020104308981e-03
1.685344008728861896e-03
1.384765367644528577e-03
1.365698821609839884e-03
1.439769082935526967e-03
1.335522567387670279e-03
1.290760618091250445e-03
1.268712274031713518e-03
1.265016960678622040e-03
1.215676497668027834e-03
1.263989448004091808e-03
1.246875167513887030e-03
1.199685151611144243e-03
1.203488315998886950e-03
1.244712267847110842e-03
1.170145085779950023e-03
1.161149778636172457e-03
1.313391393826653488e-03
1.289552477343628833e-03
1.241313318799560283e-03
1.368989054268846938e-03
1.284568508466084813e-03
1.214399103385706800e-03
1.141263214716066975e-03
1.258746107729772626e-03
1.415957390175511497e-03
1.360003013784686753e-03
1.305149751715362072e-03
1.316264033084735188e-03
1.206058971971894333e-03
1.245609377898896806e-03
1.466353472399835713e-03
2.013242621129999587e-03
1.791339460760355082e-03
1.713914967452486371e-03
1.598734338767826601e-03
1.427065749885514292e-03
1.360583561472594825e-03
1.304227069097881530e-03
1.268394790046537901e-03
1.265853243724753430e-03
1.324433148450528640e-03
1.264882161437223341e-03
1.194927725009620190e-03
1.233249968693902066e-03
1.321985128258044507e-03
1.315270511743922956e-03
1.134078055232142380e-03
1.182183371080706589e-03
1.238678704248741356e-03
1.122305645064140432e-03
1.132668393741672165e-03
1.256622416743387836e-03
1.271137189663325718e-03
1.152046593294168454e-03
1.508161109328890826e-03
1.412397037105013855e-03
1.340259458326424234e-03
1.243699374996746565e-03
1.285394845763221426e-03
1.326197816524654627e-03
1.202070835279300766e-03
1.245890127029269847e-03
1.200720867685352777e-03
1.120285994450872071e-03
1.111218461301177783e-03
1.216750347521156116e-03
1.260175544302910566e-03
1.057067664805799679e-03
1.146166531058649208e-03
1.159990840824320826e-03
1.175803054744998686e-03
1.377245172625407490e-03
1.466291164979338559e-03
1.359100436093285636e-03
1.277483144076541110e-03
1.514668985813235344e-03
1.530424074735492381e-03
1.494565584774439591e-03
1.491723844083026052e-03
1.557158960107093114e-03
1.338946617518862146e-03
1.381464574175576441e-03
1.345537610662480166e-03
1.701422718664010424e-03
1.579788664821535436e-03
1.302932276545713331e-03
1.227379469977070946e-03
1.238905089364076683e-03
1.194739446509629401e-03
1.210395489276076429e-03
1.379970457249631499e-03
1.229949018064265508e-03
1.265151047846302390e-03
1.279825261250759150e-03
1.157457346562296195e-03
1.089546227982888691e-03
1.099263191766415961e-03
1.225184181627506910e-03
1.114017493091523691e-03
1.086694896609212034e-03
1.096860495939229853e-03
1.099188272686054367e-03
1.052090349063898112e-03
1.076897478196769996e-03
1.264590735081583175e-03
1.205443264916539279e-03
1.187135902000591159e-03
1.466533454367890867e-03
1.380887410293022777e-03
1.271448282447333209e-03
1.285894028842449145e-03
1.266650048394997886e-03
1.106879697181284341e-03
1.154323616841187138e-03
1.223632662246624614e-03
1.376819463136295420e-03
1.250363725315158624e-03
1.220690573488051722e-03
1.182873710058629600e-03
