2.322666662434736962e-01
1.846666667610406820e-01
1.912000014136235049e-01
2.397333338856696971e-01
2.802666674057642804e-01
2.517333338658014896e-01
3.094666679700215917e-01
3.369333336750666152e-01
3.779333333174387799e-01
4.078666637341181178e-01
4.689333309729893928e-01
4.996666669845580833e-01
5.146666636069615608e-01
5.279333293437957764e-01
3.932000006238619561e-01
3.378000020980834739e-01
4.100000013907750263e-01
4.388666659593581931e-01
4.668666630983352439e-01
4.625333338975906594e-01
4.685333301623662572e-01
4.460666656494140514e-01
4.574666668971379413e-01
4.587333341439565060e-01
4.987999965747197395e-01
5.090666671593984116e-01
5.168000042438507524e-01
5.312000026305516709e-01
5.420666694641113059e-01
5.456666678190231767e-01
5.528666694959004646e-01
5.742666701475779290e-01
5.632666667302449470e-01
5.777333319187164529e-01
5.865333318710327370e-01
5.803333302338917754e-01
5.875333309173583762e-01
5.860000034173329375e-01
5.930666685104369895e-01
5.862000008424123054e-01
5.962666650613148711e-01
3.200666680932044983e-01
3.994666665792465099e-01
4.722000002861023171e-01
5.299333324035008230e-01
5.584666669368744119e-01
6.113333264986674509e-01
6.504666705926259729e-01
6.733333329359690866e-01
6.833333313465118630e-01
6.887333313624064424e-01
6.818666656812032434e-01
6.926666657129924021e-01
7.128000040849049590e-01
7.196666657924651878e-01
7.427999993165333992e-01
7.437333405017853005e-01
7.520000020662943596e-01
7.429333368937174331e-01
7.568666617075602288e-01
7.570000032583872329e-01
7.543333331743876657e-01
7.533333361148834006e-01
7.588666697343190437e-01
7.633333365122477732e-01
7.610000034173329819e-01
7.633333325386046919e-01
7.694000005722045898e-01
7.694000065326690452e-01
7.774000008900959768e-01
7.856000026067098130e-01
7.845999995867410925e-01
7.885333319505055671e-01
7.738666673501332083e-01
7.941999971866607888e-01
7.946666638056437693e-01
8.065333425998687522e-01
8.093999981880187766e-01
8.182000021139780310e-01
7.193999985853830603e-01
7.621999979019165039e-01
8.116000016530354744e-01
8.113333324591318618e-01
8.256666739781697295e-01
8.389333367347717729e-01
8.348666667938232644e-01
8.446666697661081580e-01
8.495333333810169973e-01
8.556666612625122292e-01
8.552666683991749785e-01
8.621333301067352073e-01
8.629333337148030747e-01
8.537999967734019036e-01
8.615333278973896780e-01
8.672666649023691443e-01
8.647333304087321260e-01
8.653999964396158484e-01
8.402666648228963586e-01
8.629333317279815896e-01
8.779333333174387244e-01
8.762666622797647964e-01
8.857333302497863992e-01
8.811333358287811723e-01
8.922000010808308623e-01
8.864666720231374475e-01
8.882000009218852243e-01
8.885333379109700003e-01
9.055333395799001206e-01
9.012666642665863037e-01
9.059333364168803415e-01
8.996666669845581055e-01
9.074000000953674760e-01
8.678666631380717034e-01
8.990666627883910911e-01
8.904666701952616004e-01
9.016000052293141609e-01
9.081999977429707771e-01
9.100666681925455581e-01
9.167333364486693892e-01
9.163333336512248239e-01
9.190000037352243911e-01
9.198666652043659964e-01
9.238666693369547156e-01
9.172666688760121589e-01
9.275999963283538818e-01
9.199999988079070601e-01
9.249333302179972849e-01
9.196000039577484353e-01
9.281333367029825920e-01
9.279333333174387688e-01
9.340666671593983450e-01
9.309333264827728271e-01
9.302666664123535600e-01
9.199333310127257857e-01
9.315999945004781457e-01
9.306666692097981253e-01
9.367333332697550530e-01
9.359999954700469749e-01
9.383333305517832512e-01
9.383333345254262214e-01
9.244000037511189705e-01
9.173999985059102524e-01
9.368666688601176018e-01
9.409333308537800589e-01
9.429999967416127227e-01
9.454666654268900627e-01
9.447333355744679251e-01
9.473333319028218735e-01
9.470000008742014419e-01
9.506666660308837891e-01
9.463999986648559126e-01
9.518666684627532515e-01
9.461333314577738962e-01
9.519333302974700706e-01
9.458666642506917688e-01
9.507333338260650635e-01
9.405333360036214341e-01
9.490000029404958015e-01
9.482666671276092085e-01
9.497999966144561323e-01
9.535333355267842093e-01
9.538000007470448516e-01
9.490666647752126206e-01
9.510666628678640100e-01
9.537333289782206069e-01
9.540000001589457046e-01
9.578000088532765410e-01
9.541999975840250725e-01
9.546666661898295381e-01
9.534666617711384795e-01
9.574666659037271987e-01
9.566666622956593313e-01
9.573333323001861350e-01
9.555333296457926284e-01
9.592666645844777351e-01
9.582000017166137917e-01
9.598000029722849602e-01
9.569333334763844290e-01
9.625333269437154060e-01
9.592666685581207053e-01
9.631333331267039055e-01
9.485333303610483657e-01
9.560666700204213386e-01
9.510666708151499504e-01
9.565999964872996530e-01
9.584000011285146448e-01
9.613999962806701882e-01
9.614666680494944329e-01
9.609333336353301780e-01
9.593333343664804946e-01
9.621999979019164595e-01
9.651999950408935991e-01
9.556666711966196326e-01
9.580000023047129387e-01
9.633999943733215776e-01
9.638666649659474173e-01
9.658000012238819876e-01
9.674000024795532671e-01
9.662000000476836936e-01
9.612666666507720947e-01
9.599999964237213579e-01
9.655333340167999712e-01
9.612666646639506096e-01
9.689333299795787058e-01
9.647333403428395293e-01
9.675333340962727346e-01
9.658666610717773215e-01
9.643999973932901870e-01
9.681333382924397490e-01
9.679999987284342300e-01
9.680666685104369895e-01
9.621999998887379446e-01
9.661333302656809341e-01
9.684666673342386956e-01
9.700666685899098640e-01
9.657999972502390174e-01
9.678666671117146514e-01
9.650666654109955056e-01
9.696000059445698538e-01
9.688000023365020974e-01
9.721333384513854980e-01
9.700666725635528342e-01
9.686666667461395486e-01
9.678666671117146514e-01
9.707333346207936975e-01
9.714666744073231497e-01
9.714666704336801795e-01
9.686000009377797593e-01
9.719333291053772195e-01
9.716666658719380623e-01
9.717999955018361558e-01
9.726000010967255083e-01
9.723333358764648660e-01
9.765333314736683867e-01
9.737333357334136963e-01
9.742666661739349809e-01
9.769333322842915779e-01
9.768000066280364546e-01
9.763333340485890188e-01
9.776666680971781709e-01
9.772666752338409202e-01
9.795333405335744370e-01
9.794000029563904031e-01
9.737333317597707261e-01
9.593333363533019797e-01
9.664000034332275169e-01
9.761333326498667917e-01
9.773333370685577393e-01
9.789333343505859375e-01
9.799333413441976282e-01
9.801333367824553999e-01
9.723333299160004106e-01
9.565333286921183786e-01
9.699999968210856194e-01
9.736666699250539070e-01
9.766000012556711463e-01
9.784000019232431677e-01
9.728000005086262503e-01
9.631999989350636948e-01
9.747333347797393355e-01
9.778666675090790239e-01
9.783333381017048636e-01
9.746666689713795462e-01
9.676666696866352835e-01
9.787333349386850845e-01
9.777333319187164751e-01
9.767333368460336951e-01
9.784666697184244422e-01
9.805999974409739250e-01
9.808666666348775376e-01
9.821333328882853042e-01
9.812000036239624245e-01
9.801999986171722190e-01
9.777333378791809304e-01
9.809333364168802971e-01
9.769333322842915779e-01
9.765333334604898718e-01
9.728666742642720910e-01
9.800666670004526404e-01
9.836000005404154090e-01
9.793333311875661584e-01
9.766666670640309356e-01
9.805333336194356209e-01
9.806666692097981697e-01
9.845333337783813699e-01
9.844666679700215806e-01
9.840000033378600852e-01
9.814000010490417925e-01
9.794666707515716775e-01
9.841333329677581787e-01
9.858666698137918960e-01
9.832000017166138139e-01
9.793333371480306138e-01
9.852666656176248816e-01
9.838666697343190215e-01
9.849999984105427542e-01
9.840666711330413596e-01
9.857333381970723174e-01
9.865999976793925486e-01
9.881333351135254128e-01
9.883333325386047807e-01
9.880000015099843491e-01
9.887333333492278609e-01
9.863333324591319062e-01
9.886000017325083933e-01
9.844666699568430657e-01
9.840666611989339341e-01
9.855333268642425537e-01
9.855999986330667983e-01
9.852666695912678518e-01
9.831333339214325395e-01
9.806000034014383804e-01
9.837333341439564727e-01
9.868666668732960501e-01
9.878666639328003152e-01
9.888666629791259544e-01
9.893333315849304199e-01
9.885999997456867971e-01
9.887999991575876502e-01
9.857999960581461663e-01
9.863333404064178467e-01
9.833333353201548777e-01
9.861999988555908425e-01
9.866666674613953081e-01
9.866666595141092566e-01
9.838666697343190215e-01
9.804000020027160422e-01
9.808666666348775376e-01
9.845333417256673103e-01
9.868666668732960501e-01
9.887333313624063758e-01
9.887333333492278609e-01
9.887999991575876502e-01
9.889999985694885032e-01
9.854666729768116751e-01
9.433999995390573989e-01
9.452666620413462395e-01
9.546000043551127190e-01
9.708666662375132761e-01
9.788666705290476333e-01
9.824000020821889168e-01
9.843333403269449722e-01
9.825333356857299805e-01
9.835333367188771048e-01
9.800000031789143362e-01
9.834000031153361521e-01
9.833333333333332815e-01
9.868666609128315947e-01
9.861333310604095681e-01
9.880666673183441384e-01
9.879999995231628640e-01
9.875333368778228538e-01
9.875333309173583984e-01
9.882666667302449914e-01
9.878666698932647705e-01
9.867333392302195527e-01
9.877333303292592515e-01
9.908666670322417991e-01
9.894666632016499985e-01
9.904666662216186079e-01
9.905333340167998823e-01
9.902000010013580766e-01
9.851333340009053030e-01
9.772666712601979500e-01
9.841333369414011489e-01
9.869333287080128692e-01
9.890000005563099883e-01
9.879333376884460449e-01
9.897333304087321260e-01
9.894666651884714836e-01
9.891333361466725371e-01
9.869333326816558394e-01
9.907333314418792503e-01
9.926000038782755164e-01
9.908666670322417991e-01
9.903999964396158484e-01
9.848666667938232866e-01
9.852666695912678518e-01
9.882666647434235063e-01
9.916000008583069070e-01
9.906666636466979758e-01
9.909333328406015884e-01
9.922666728496551958e-01
9.925333301226297866e-01
9.924666623274485122e-01
9.927999953428904290e-01
9.923333386580149851e-01
9.923333326975504187e-01
9.921999951203663848e-01
9.915333310763041474e-01
9.910666684309641372e-01
9.928000052769978545e-01
9.919999996821086130e-01
9.929999967416127671e-01
9.945333381493886016e-01
9.940666735172272173e-01
9.934000054995218987e-01
9.904000043869018999e-01
9.907333274682362800e-01
9.910666604836781968e-01
9.918666640917460642e-01
9.918666640917460642e-01
9.926000018914540313e-01
9.895333349704742432e-01
9.919999976952870169e-01
9.913999994595845688e-01
9.930666685104370117e-01
9.898666679859161599e-01
9.885999977588653120e-01
9.866000076134999741e-01
9.892000079154967818e-01
9.926666696866353057e-01
9.940000017484028616e-01
9.940666735172272173e-01
9.924000004927316931e-01
9.923333346843719038e-01
9.938666721185048791e-01
9.928000032901763694e-01
9.944000005722045676e-01
9.946000059445698760e-01
9.924666682879129675e-01
9.927333335081736099e-01
9.893333295981089348e-01
9.848666648070018015e-01
9.853999972343444602e-01
9.907999992370605247e-01
9.927999993165333992e-01
9.904666701952616892e-01
9.891333361466725371e-01
9.907333354155222205e-01
9.907333314418792503e-01
9.924666663010914824e-01
9.907333294550577651e-01
9.932666679223378647e-01
9.931333343187968010e-01
9.938666681448619089e-01
9.938000003496806345e-01
9.938666661580403128e-01
9.949333349863688225e-01
9.950666725635528564e-01
9.954666713873545625e-01
9.966666777928669951e-01
9.955333391825358369e-01
9.952000101407368904e-01
9.952000141143798606e-01
9.931999981403351052e-01
9.924000024795531782e-01
9.918666660785675493e-01
9.925333301226297866e-01
9.952666739622751946e-01
9.954000035921732881e-01
9.931333323319753159e-01
9.934666693210602029e-01
9.927333394686380652e-01
9.942666709423064741e-01
9.924666663010914824e-01
9.905999958515167014e-01
9.913999974727630837e-01
9.908666710058847693e-01
9.911333342393239265e-01
9.843333383401234871e-01
9.857333302497863770e-01
9.873333334922790305e-01
9.914666672547658433e-01
9.938666701316833940e-01
9.937333385149638154e-01
9.875333368778228538e-01
9.776000042756398667e-01
9.852666676044463667e-01
9.880666673183441384e-01
9.916666666666666963e-01
9.928666710853576438e-01
9.945333381493886016e-01
9.945333361625671165e-01
9.952000061670939202e-01
9.940666695435841360e-01
9.942000051339466848e-01
9.958000063896179643e-01
9.936000009377797815e-01
9.950666765371958267e-01
9.938666681448619089e-01
9.961333433787028513e-01
9.954000055789947732e-01
9.968666692574819077e-01
9.936666667461395708e-01
9.944000045458475379e-01
9.950000047683715820e-01
9.925333321094512717e-01
9.939333319664001021e-01
9.954666733741760476e-01
9.954666713873545625e-01
9.966000099976857207e-01
9.964666724205016868e-01
9.958000083764394494e-01
9.935333331425985071e-01
9.943333347638447783e-01
9.948666691780090332e-01
9.945333361625671165e-01
9.919333338737488237e-01
9.918000022570292451e-01
9.956000030040741411e-01
9.936000029246012666e-01
9.951333363850911606e-01
9.960000117619832727e-01
9.968000034491221184e-01
9.965333422025044463e-01
9.961333394050597700e-01
9.959333399931590280e-01
9.977333446343740198e-01
9.968666772047678482e-01
9.962000111738841257e-01
9.965333441893259314e-01
9.971333463986714607e-01
9.957333405812581750e-01
9.946666737397511504e-01
9.936666727066040261e-01
9.914666712284088135e-01
9.876666684945424324e-01
9.899333298206329790e-01
9.922000070412954065e-01
9.927333315213521248e-01
9.937333365281423303e-01
9.942000071207682810e-01
9.956000069777171113e-01
9.947333375612894546e-01
9.968000094095865737e-01
9.950666725635528564e-01
9.965333402156829612e-01
9.964666724205016868e-01
9.980666776498158255e-01
9.975333432356516816e-01
9.958666721979777536e-01
9.950000007947286118e-01
9.936666667461395708e-01
9.890000005563099883e-01
9.842666685581207275e-01
9.887333373228709421e-01
9.894666711489359390e-01
9.903333365917206255e-01
9.917999982833862749e-01
9.946666697661081802e-01
9.925333380699157271e-01
9.891333262125651116e-01
9.898000021775563706e-01
9.935333391030629624e-01
9.950666685899098862e-01
9.941333353519439253e-01
9.943333367506662634e-01
9.965333382288614761e-01
9.940000077088674280e-01
9.956666727860769006e-01
9.963333447774250784e-01
9.968000113964080589e-01
9.973333418369293435e-01
9.978666742642720022e-01
9.973333418369293435e-01
9.978000084559123239e-01
9.970666746298472161e-01
9.956000049908956262e-01
9.961333413918812552e-01
9.957333385944366899e-01
9.968666772047678482e-01
9.972666760285695542e-01
9.970000108083089119e-01
9.932666738828023201e-01
9.952666719754537095e-01
9.954666674137115923e-01
9.942000091075897661e-01
9.955333391825358369e-01
9.954666713873545625e-01
9.956666727860769006e-01
9.973333418369293435e-01
9.960666735966999807e-01
9.954000075658162583e-01
9.959333419799805132e-01
9.963333408037821082e-01
9.964000046253204124e-01
9.978666782379150835e-01
9.964000046253204124e-01
9.974000096321106179e-01
9.969333370526631821e-01
9.962666670481363784e-01
9.941333393255870066e-01
9.930000007152557373e-01
9.938666741053263642e-01
9.957333445549011453e-01
9.955333391825358369e-01
9.960666755835215769e-01
9.974666774272918923e-01
9.908666670322417991e-01
9.866666674613953081e-01
9.890666683514912627e-01
9.929333329200744629e-01
9.948666731516520034e-01
9.962666710217793486e-01
9.969333390394846672e-01
9.953333377838134988e-01
9.958666721979777536e-01
9.959333419799805132e-01
9.946000019709269058e-01
