1.493333336586753490e-01
3.216666653752326965e-01
4.168333331743875880e-01
5.086666653553645334e-01
5.695000002781550608e-01
6.013333320617675337e-01
6.458333273728688040e-01
6.595000008742014641e-01
6.774999996026357385e-01
6.801666716734567908e-01
7.116666654745738008e-01
7.066666642824809275e-01
7.313333312670390329e-01
7.248333334922790749e-01
7.408333321412404748e-01
7.420000016689300981e-01
7.443333347638447783e-01
7.450000007947286118e-01
7.585000018278758027e-01
7.654999911785125288e-01
7.719999969005584273e-01
7.773333311080932173e-01
7.746666689713795906e-01
7.814999977747599802e-01
7.928333361943562529e-01
7.978333334128061560e-01
7.978333274523417007e-01
8.069999972979228220e-01
8.031666676203409461e-01
8.045000016689300981e-01
7.991666615009307417e-01
8.106666684150696245e-01
8.156666636466980425e-01
8.149999996026356941e-01
8.198333362738291497e-01
8.265000025431314956e-01
8.273333350817362319e-01
8.208333333333333037e-01
8.270000040531158003e-01
8.308333357175191614e-01
8.309999982515970940e-01
8.341666658719381067e-01
8.386666675408681604e-01
8.443333327770232710e-01
8.373333295186360381e-01
8.354999979337056626e-01
8.425000051657358657e-01
8.461666683355967278e-01
8.448333362738291719e-01
8.350000003973643281e-01
8.463333368301391157e-01
8.460000038146973100e-01
8.528333365917205589e-01
8.516666730244953909e-01
8.526666700839996560e-01
8.575000007947285452e-01
8.576666712760925293e-01
8.613333344459533913e-01
8.538333316644032278e-01
8.515000005563100327e-01
8.616666714350382783e-01
8.598333378632863067e-01
8.661666671435038767e-01
8.605000019073486550e-01
8.650000035762787087e-01
8.709999978542327659e-01
8.709999998410542510e-01
8.690000017484028616e-01
8.746666649977365982e-01
8.694999972979228220e-01
8.695000032583872773e-01
8.721666713555653594e-01
8.733333309491475571e-01
8.720000028610229714e-01
8.771666646003722922e-01
8.735000014305114302e-01
8.771666646003722922e-01
8.791666686534881370e-01
8.748333334922790971e-01
8.731666684150696245e-01
8.783333321412404304e-01
8.789999981721242639e-01
8.778333306312561257e-01
8.788333336512247351e-01
8.726666649182637236e-01
8.766666670640309578e-01
8.871666669845581499e-01
8.844999988873799568e-01
8.863333324591319284e-01
8.861666580041249741e-01
8.826666673024495813e-01
8.800000031789143584e-01
8.881666620572408188e-01
8.856666684150695801e-01
8.854999979337055960e-01
8.828333258628845437e-01
8.793333371480306360e-01
8.861666639645894294e-01
8.871666649977366648e-01
8.854999939600626258e-01
8.871666669845581499e-01
8.756666680177053186e-01
8.833333273728688484e-01
8.904999971389770952e-01
8.908333261807759307e-01
8.899999956289926795e-01
8.901666680971781487e-01
8.986666679382324663e-01
8.915000041325886748e-01
8.991666654745738008e-01
8.904999991257985803e-01
8.878333330154418723e-01
8.948333283265431648e-01
8.916666646798451223e-01
8.988333304723103989e-01
8.963333308696747048e-01
8.991666694482167710e-01
8.953333298365274695e-01
8.991666654745738008e-01
8.999999980131785371e-01
8.933333337306976762e-01
8.965000013510385779e-01
8.868333280086517778e-01
8.943333288033803452e-01
8.948333283265431648e-01
8.859999974568685266e-01
8.908333261807759307e-01
8.871666669845581499e-01
8.986666639645893850e-01
8.963333288828532197e-01
8.979999979337056626e-01
8.923333346843719260e-01
8.983333349227905495e-01
9.036666631698608843e-01
9.066666702429453384e-01
9.018333315849303977e-01
9.006666600704192893e-01
9.013333300749460930e-01
8.939999997615813987e-01
8.976666629314422607e-01
8.876666665077209695e-01
8.981666664282480506e-01
9.041666587193807336e-01
9.024999976158142312e-01
9.054999987284342300e-01
9.106666644414266321e-01
9.046666721502939490e-01
9.096666673819223670e-01
9.050000031789143806e-01
9.076666653156280073e-01
9.091666658719380623e-01
9.034999907016754150e-01
9.061666627724965783e-01
9.131666620572408410e-01
9.091666698455810325e-01
9.091666618982950920e-01
9.139999965826670625e-01
9.088333308696746604e-01
9.121666669845580611e-01
9.159999966621399370e-01
9.103333314259847153e-01
9.180000046888987519e-01
9.125000019868214629e-01
9.135000050067901833e-01
9.049999912579854700e-01
9.070000012715657700e-01
9.118333339691162553e-01
9.056666612625121626e-01
9.196666697661082246e-01
9.184999982515971162e-01
9.165000061194101821e-01
9.151666641235352007e-01
9.165000061194101821e-01
9.161666711171467803e-01
9.103333314259847153e-01
9.138333320617675337e-01
9.164999981721242417e-01
9.160000026226043923e-01
9.193333347638448227e-01
9.176666716734568352e-01
9.196666717529297097e-01
9.123333374659220452e-01
9.145000000794728523e-01
9.151666700839996560e-01
9.176666657129923799e-01
9.171666741371155007e-01
9.188333431879679436e-01
9.226666688919067383e-01
9.171666701634725305e-01
9.141666670640309356e-01
9.166666686534881148e-01
9.148333350817362541e-01
9.121666649977365759e-01
9.188333392143249734e-01
9.198333342870076423e-01
9.190000037352243911e-01
9.226666649182637681e-01
9.203333357969919470e-01
9.211666723092396536e-01
9.201666712760925293e-01
9.181666672229766846e-01
9.089999973773956743e-01
9.201666593551636186e-01
9.211666703224181685e-01
9.188333272933959517e-01
9.231666664282480728e-01
9.268333375453948753e-01
9.228333373864491262e-01
9.268333335717519050e-01
9.191666662693023238e-01
9.156666636466980203e-01
9.176666676998138650e-01
9.203333377838134322e-01
9.206666707992553489e-01
9.201666673024495591e-01
9.240000069141387495e-01
9.216666698455810991e-01
9.243333379427591812e-01
9.203333338101704619e-01
9.211666643619537131e-01
9.218333323796590317e-01
9.220000068346659861e-01
9.176666657129923799e-01
9.155000011126200876e-01
9.256666719913482222e-01
9.176666657129923799e-01
9.243333319822947258e-01
9.201666692892710442e-01
9.194999992847442405e-01
9.316666662693023904e-01
9.233333369096120569e-01
9.253333350022633352e-01
9.268333375453948753e-01
9.270000040531158891e-01
9.291666646798452112e-01
9.245000024636585989e-01
9.256666680177052520e-01
9.271666665871938218e-01
9.288333316644032944e-01
9.238333324591319062e-01
9.216666738192240693e-01
9.290000041325886526e-01
9.260000010331471687e-01
9.281666696071624312e-01
9.286666691303253618e-01
9.275000055631001938e-01
9.211666703224181685e-01
9.285000026226043479e-01
9.283333341280619599e-01
9.203333397706349173e-01
9.255000054836273193e-01
9.194999992847442405e-01
9.315000057220459428e-01
9.243333359559376960e-01
9.265000005563099883e-01
9.318333347638447783e-01
9.336666703224182351e-01
9.371666610240936279e-01
9.315000037352244577e-01
9.326666673024495147e-01
9.296666701634724861e-01
9.286666671435038767e-01
9.283333381017049302e-01
9.361666679382324441e-01
9.336666703224182351e-01
9.293333371480305694e-01
9.333333333333333481e-01
9.350000023841857910e-01
9.276666720708210967e-01
9.326666673024495147e-01
9.273333390553791800e-01
9.295000016689300981e-01
9.359999974568684600e-01
9.366666674613952637e-01
9.334999998410542510e-01
9.341666678587595696e-01
9.379999995231628196e-01
9.310000022252400420e-01
9.331666707992554155e-01
9.153333326180775886e-01
9.261666695276896677e-01
9.271666705608367920e-01
9.330000023047129165e-01
9.283333361148834451e-01
9.331666688124339304e-01
9.365000009536743608e-01
9.321666717529296653e-01
9.376666665077209029e-01
9.306666692097981253e-01
9.308333357175191392e-01
9.348333358764648882e-01
9.379999975363413345e-01
9.369999984900156953e-01
9.360000034173329153e-01
9.346666673819223892e-01
9.338333368301391380e-01
9.331666707992554155e-01
9.293333371480305694e-01
9.331666688124339304e-01
9.383333345254262214e-01
9.375000019868214851e-01
9.398333311080933061e-01
9.423333287239075151e-01
9.371666689713795684e-01
9.391666611035665024e-01
9.383333345254262214e-01
9.315000037352244577e-01
9.381666640440623484e-01
9.421666622161865012e-01
9.389999965826670847e-01
9.355000038941700957e-01
9.384999990463256392e-01
9.348333338896434030e-01
9.408333281675974602e-01
9.333333333333333481e-01
9.386666635672251680e-01
9.423333307107290002e-01
9.351666649182637236e-01
9.311666707197825410e-01
9.278333365917206255e-01
9.383333345254262214e-01
9.281666735808055124e-01
9.311666647593180857e-01
9.300000031789144028e-01
9.294999996821086130e-01
9.273333350817362097e-01
9.348333358764648882e-01
9.329999983310699463e-01
9.331666648387908491e-01
9.283333341280619599e-01
9.388333340485890410e-01
9.335000038146972212e-01
9.336666663487752649e-01
9.344999969005585161e-01
9.360000054041545114e-01
9.376666684945423880e-01
9.433333277702331543e-01
9.383333305517832512e-01
9.384999990463256392e-01
9.388333320617675559e-01
9.368333339691161665e-01
9.386666615804036828e-01
9.393333315849303755e-01
9.431666612625122514e-01
9.438333272933959739e-01
9.419999957084655984e-01
9.463333288828531531e-01
9.428333322207133049e-01
9.400000015894571792e-01
9.421666642030079863e-01
9.396666646003722922e-01
9.399999996026356941e-01
9.408333321412404304e-01
9.419999957084655984e-01
9.451666633288066111e-01
9.391666650772094727e-01
9.456666628519694306e-01
9.478333274523417229e-01
9.448333323001861794e-01
9.428333282470703347e-01
9.396666646003722922e-01
9.413333316644032500e-01
9.426666657129924021e-01
9.466666638851165549e-01
9.396666626135508071e-01
9.453333298365275139e-01
9.443333307902018747e-01
9.376666684945423880e-01
9.401666601498921416e-01
9.409999986489613333e-01
9.436666647593180413e-01
9.393333295981088904e-01
9.438333292802174590e-01
9.423333267370860300e-01
9.456666628519694306e-01
9.419999937216441133e-01
9.421666642030079863e-01
9.448333283265432092e-01
9.474999924500783210e-01
9.494999945163726807e-01
9.473333239555359331e-01
9.449999948342641121e-01
9.456666628519694306e-01
9.510000030199686760e-01
9.456666628519694306e-01
9.409999986489613333e-01
9.436666667461395264e-01
9.476666589577992239e-01
9.478333234786987527e-01
9.524999916553497092e-01
9.456666628519694306e-01
9.503333290417989021e-01
9.473333338896433586e-01
9.463333229223886978e-01
9.459999978542328325e-01
9.461666643619537354e-01
9.424999972184499031e-01
9.423333287239075151e-01
9.461666603883107651e-01
9.429999967416127227e-01
9.443333307902018747e-01
9.391666650772094727e-01
9.410000026226044145e-01
9.416666646798451668e-01
9.406666636466980425e-01
9.479999959468841109e-01
9.444999972979227776e-01
9.454999963442484168e-01
9.449999988079070823e-01
9.439999918142955027e-01
9.333333333333333481e-01
9.438333332538604292e-01
9.366666674613952637e-01
9.345000008742014863e-01
9.408333321412404304e-01
9.424999972184499031e-01
9.436666607856750710e-01
9.468333343664805390e-01
9.524999996026356497e-01
9.471666634082793745e-01
9.483333249886830574e-01
9.524999916553497092e-01
9.528333266576131111e-01
9.483333269755045425e-01
9.499999920527140151e-01
9.468333264191944876e-01
9.526666621367136933e-01
9.488333284854888472e-01
9.509999930858612505e-01
9.501666684945424546e-01
9.469999969005584717e-01
9.539999941984812493e-01
9.509999930858612505e-01
9.511666595935821533e-01
9.478333274523417229e-01
9.511666635672251235e-01
9.469999929269155015e-01
9.438333292802174590e-01
9.526666601498922082e-01
9.523333291212717766e-01
9.454999943574269317e-01
9.469999969005584717e-01
9.423333287239075151e-01
9.494999925295511956e-01
9.491666654745737342e-01
9.494999925295511956e-01
9.473333279291789033e-01
9.509999930858612505e-01
9.268333315849304199e-01
9.208333353201548777e-01
9.253333369890849314e-01
9.281666696071624312e-01
9.320000032583872773e-01
9.423333326975504853e-01
9.396666665871937774e-01
9.428333302338918198e-01
9.391666690508524429e-01
9.451666633288066111e-01
9.429999987284342078e-01
9.478333254655202378e-01
9.411666671435038323e-01
9.503333310286203872e-01
9.429999947547912376e-01
9.461666603883107651e-01
9.521666626135508738e-01
9.549999992052714548e-01
9.534999926884969446e-01
9.523333271344502915e-01
9.513333261013030562e-01
9.509999950726827356e-01
9.584999978542327881e-01
9.531666656335194832e-01
9.494999984900156509e-01
9.503333310286203872e-01
9.528333246707916260e-01
9.561666607856750266e-01
9.609999934832255120e-01
9.486666599909464592e-01
9.534999966621399148e-01
9.561666667461394820e-01
9.548333247502645005e-01
9.483333289623260276e-01
9.519999941190083748e-01
9.541666587193806670e-01
9.554999967416127893e-01
9.521666586399077925e-01
9.496666630109150686e-01
9.549999992052714548e-01
9.563333292802175256e-01
9.571666618188222619e-01
9.561666647593179968e-01
9.591666618982951364e-01
9.598333299160003440e-01
9.554999947547913042e-01
9.583333253860473189e-01
9.516666630903879431e-01
9.568333347638448005e-01
9.571666618188222619e-01
9.596666653951009263e-01
9.591666618982951364e-01
9.596666634082794411e-01
9.601666649182637459e-01
9.556666612625122070e-01
9.461666564146677949e-01
9.271666705608367920e-01
9.391666650772094727e-01
9.413333316644032500e-01
9.483333309491475127e-01
9.489999949932098611e-01
9.503333250681559319e-01
9.534999887148539743e-01
9.581666608651479011e-01
9.529999891916910437e-01
9.536666591962178474e-01
9.530000011126200654e-01
9.546666582425434866e-01
9.491666595141092788e-01
9.484999954700470415e-01
9.569999953111012481e-01
9.539999902248382790e-01
9.571666638056437471e-01
9.501666605472565141e-01
9.518333295981089570e-01
9.498333275318145974e-01
9.493333280086517778e-01
9.543333311875661362e-01
9.526666661103566636e-01
9.564999918142954582e-01
9.544999937216440689e-01
9.534999907016754594e-01
9.514999965826670403e-01
9.611666599909464148e-01
9.511666595935821533e-01
9.551666577657064172e-01
9.516666591167449729e-01
9.594999969005584273e-01
9.609999954700469971e-01
9.613333364327748543e-01
9.521666586399077925e-01
9.593333303928375244e-01
9.601666688919067161e-01
9.568333327770233154e-01
9.618333319822947036e-01
9.624999960263570520e-01
9.625000039736429924e-01
9.593333264191945542e-01
9.539999922116597642e-01
9.539999981721242195e-01
9.553333322207132605e-01
9.563333312670390107e-01
9.618333339691161887e-01
9.578333258628844993e-01
9.596666614214579560e-01
9.603333294391631636e-01
9.594999929269154570e-01
9.623333334922790083e-01
9.558333277702331099e-01
9.623333334922790083e-01
9.574999888737996123e-01
9.554999967416127893e-01
9.538333296775818315e-01
9.563333332538604958e-01
9.571666578451792917e-01
9.550000011920929399e-01
9.524999916553497092e-01
9.531666616598765129e-01
9.564999957879384285e-01
9.573333263397216797e-01
9.598333279291788589e-01
9.626666684945424102e-01
9.619999945163726363e-01
9.640000025431315622e-01
9.589999934037526375e-01
9.588333268960317346e-01
9.578333338101704397e-01
9.608333349227905495e-01
9.616666674613952859e-01
9.644999980926514116e-01
9.593333343664804946e-01
9.613333284854889138e-01
9.589999993642170928e-01
9.606666624546050803e-01
9.529999931653340139e-01
9.539999961853027344e-01
9.476666609446208200e-01
9.469999949137369866e-01
9.529999931653340139e-01
9.583333273728688040e-01
9.594999949137369422e-01
9.606666604677835952e-01
9.554999987284342744e-01
9.518333315849304421e-01
9.560000002384185791e-01
9.521666665871938440e-01
9.514999945958455552e-01
9.573333283265431648e-01
9.548333326975504409e-01
9.568333307902018303e-01
9.586666584014892356e-01
9.503333250681559319e-01
9.540000001589457046e-01
9.491666575272877937e-01
9.541666607062021521e-01
9.591666658719381067e-01
9.594999949137369422e-01
9.623333354791004934e-01
9.573333243529001946e-01
9.549999872843424331e-01
9.484999994436900117e-01
9.593333264191945542e-01
9.589999953905741226e-01
9.619999965031941214e-01
9.578333338101704397e-01
9.613333324591318840e-01
9.581666668256123565e-01
9.583333214124043486e-01
9.604999860127766409e-01
9.591666658719381067e-01
9.618333319822947036e-01
9.588333229223887644e-01
9.561666627724965117e-01
9.608333269755046091e-01
9.608333309491475793e-01
9.645000000794728967e-01
9.608333369096120347e-01
9.609999974568684822e-01
9.660000006357828406e-01
9.618333379427591590e-01
9.604999999205271477e-01
9.656666636466979536e-01
9.669999996821085908e-01
9.613333284854889138e-01
9.591666579246520552e-01
9.594999969005584273e-01
9.588333268960317346e-01
9.606666664282480506e-01
9.636666635672251902e-01
9.618333260218302483e-01
9.665000061194102265e-01
9.644999980926514116e-01
9.641666690508524651e-01
9.660000046094258108e-01
9.651666601498921638e-01
9.586666603883107207e-01
9.661666770776112800e-01
9.643333315849303977e-01
9.671666701634724639e-01
9.668333431084951135e-01
9.666666626930237038e-01
9.670000056425730461e-01
9.636666635672251902e-01
9.623333354791004934e-01
9.645000020662943818e-01
9.683333357175191169e-01
9.673333346843719927e-01
9.648333370685577837e-01
9.644999961058299265e-01
9.556666592756907219e-01
9.588333268960317346e-01
9.663333396116892127e-01
9.599999944368998728e-01
9.643333295981089126e-01
9.663333356380462424e-01
9.636666695276896455e-01
9.654999991257985359e-01
9.653333326180776330e-01
9.673333366711934778e-01
9.656666735808054902e-01
9.636666655540466753e-01
9.604999939600626924e-01
9.639999965826669959e-01
9.608333329359690644e-01
9.630000015099843269e-01
9.663333296775817871e-01
9.633333345254262436e-01
9.614999989668527869e-01
9.611666580041249297e-01
9.606666624546050803e-01
9.586666564146677505e-01
9.613333364327748543e-01
9.608333269755046091e-01
9.534999986489613999e-01
9.350000003973643059e-01
9.468333284060160837e-01
9.496666590372720984e-01
9.509999891122181692e-01
9.541666626930236372e-01
9.605000019073486328e-01
9.643333315849303977e-01
9.574999988079071489e-01
9.574999948342640677e-01
9.608333289623260942e-01
9.641666690508524651e-01
9.655000011126200210e-01
9.669999996821085908e-01
9.646666665871937996e-01
9.685000022252400198e-01
9.681666731834411843e-01
9.698333323001862016e-01
9.660000026226043257e-01
9.675000071525573508e-01
9.676666657129923133e-01
9.678333342075348122e-01
9.708333432674407515e-01
9.678333401679992676e-01
9.680000066757201704e-01
9.636666655540466753e-01
9.599999964237213579e-01
9.611666699250539514e-01
9.678333262602488718e-01
9.715000033378601296e-01
9.663333336512247573e-01
9.676666696866352835e-01
9.679999967416127449e-01
9.685000081857045862e-01
9.674999972184499253e-01
9.671666681766509788e-01
9.688333352406819365e-01
9.711666723092396980e-01
9.726666748523712380e-01
9.665000041325887414e-01
9.668333292007446067e-01
9.566666603088378462e-01
9.591666599114735403e-01
9.656666676203410349e-01
9.643333335717518828e-01
9.669999976952871057e-01
9.715000073115030998e-01
9.646666606267293442e-01
9.705000142256419160e-01
9.646666665871937996e-01
9.703333377838134766e-01
9.706666707992553933e-01
9.680000086625416555e-01
9.703333377838134766e-01
9.708333392937977813e-01
9.716666718324025176e-01
9.685000002384185347e-01
9.676666696866352835e-01
9.669999996821085908e-01
9.698333362738291719e-01
9.690000057220459206e-01
9.655000030994415061e-01
9.685000061988831010e-01
9.685000061988831010e-01
9.666666726271311294e-01
9.728333433469136260e-01
9.690000096956888909e-01
9.688333412011463919e-01
9.696666717529296431e-01
9.720000068346659194e-01
9.728333453337351111e-01
9.705000062783558645e-01
9.733333428700764456e-01
9.693333347638447561e-01
9.728333413600921409e-01
9.703333397706349617e-01
9.733333428700764456e-01
9.745000143845875540e-01
9.646666685740152847e-01
9.623333334922790083e-01
9.668333311875660918e-01
9.673333346843719927e-01
9.621666630109151352e-01
9.656666656335194387e-01
9.663333356380462424e-01
9.689999997615814653e-01
9.715000073115030998e-01
9.713333408037821970e-01
9.716666777928669729e-01
9.696666697661081580e-01
9.708333392937977813e-01
9.720000028610229492e-01
9.713333408037821970e-01
9.656666616598764685e-01
9.546666701634725083e-01
9.461666663487752205e-01
9.508333265781402366e-01
9.498333295186360825e-01
9.553333282470702903e-01
9.609999974568684822e-01
9.561666647593179968e-01
9.589999993642170928e-01
9.608333329359690644e-01
9.648333311080932173e-01
9.648333350817362986e-01
9.656666696071625200e-01
9.659999966621398704e-01
9.714999993642171594e-01
9.663333376248677276e-01
9.673333386580149629e-01
9.673333346843719927e-01
9.716666738192240027e-01
9.720000088214874046e-01
9.726666768391927231e-01
9.755000054836273637e-01
9.736666719118753921e-01
9.738333443800608613e-01
9.688333352406819365e-01
9.671666661898294937e-01
9.711666762828826682e-01
9.705000062783558645e-01
9.696666697661081580e-01
9.665000021457672563e-01
9.721666793028513887e-01
9.735000153382619148e-01
9.768333454926808601e-01
9.699999968210856194e-01
9.680000027020772002e-01
9.725000023841857688e-01
9.751666784286499023e-01
9.711666742960611831e-01
9.755000094572703340e-01
9.726666708787282678e-01
9.753333508968353716e-01
9.738333423932393762e-01
9.733333349227905051e-01
9.733333408832549605e-01
9.720000068346659194e-01
9.730000138282776101e-01
9.735000014305115190e-01
9.748333454132079856e-01
9.718333423137665017e-01
9.771666785081227768e-01
9.708333373069762962e-01
9.761666774749755415e-01
9.743333439032236809e-01
9.673333386580149629e-01
9.658333321412404526e-01
9.689999997615814653e-01
9.715000033378601296e-01
9.740000128746032493e-01
9.778333445390064993e-01
9.766666769981384721e-01
9.711666782697041533e-01
9.708333373069762962e-01
9.683333337306976318e-01
9.681666612625121626e-01
9.736666758855183623e-01
9.771666785081227768e-01
9.756666779518127219e-01
9.681666711966196992e-01
9.691666722297668235e-01
9.725000103314717093e-01
9.708333392937977813e-01
9.778333425521850142e-01
9.676666716734568796e-01
9.681666692097982141e-01
9.581666608651479011e-01
9.660000026226043257e-01
9.616666634877523157e-01
9.638333320617675781e-01
9.629999995231628418e-01
9.691666722297668235e-01
9.678333381811777825e-01
9.656666656335194387e-01
9.720000088214874046e-01
9.763333439826965554e-01
9.761666774749755415e-01
9.726666728655497529e-01
9.603333334128062448e-01
9.631666700045268259e-01
9.661666671435038545e-01
9.670000016689300759e-01
9.668333331743875769e-01
9.690000037352244355e-01
9.668333371480305471e-01
9.708333432674407515e-01
9.614999949932098167e-01
9.491666575272877937e-01
9.575000007947286340e-01
9.598333219687144036e-01
9.688333332538604514e-01
9.674999992052714104e-01
9.641666650772094949e-01
9.720000088214874046e-01
9.708333432674407515e-01
9.723333438237508064e-01
9.725000103314717093e-01
9.756666719913482666e-01
9.760000149408976089e-01
9.725000083446502241e-01
9.713333408037821970e-01
9.703333338101705063e-01
9.716666738192240027e-01
9.716666758060454878e-01
9.720000127951303748e-01
9.746666729450226274e-01
9.765000124772389434e-01
9.683333357175191169e-01
9.645000020662943818e-01
9.661666711171468247e-01
9.723333378632863511e-01
9.788333455721537346e-01
9.768333435058593750e-01
9.731666743755340576e-01
9.578333278497059844e-01
9.554999967416127893e-01
9.566666642824809275e-01
9.625000000000000222e-01
9.636666615804035940e-01
9.646666626135508293e-01
9.643333315849303977e-01
9.689999997615814653e-01
9.731666803359985130e-01
9.693333307902017859e-01
9.675000011920928955e-01
9.675000011920928955e-01
9.725000043710072539e-01
9.715000013510386445e-01
9.686666707197825188e-01
9.656666696071625200e-01
9.663333356380462424e-01
9.676666696866352835e-01
9.711666703224182129e-01
9.736666758855183623e-01
9.763333499431610107e-01
9.815000156561534128e-01
9.753333389759063499e-01
9.733333468437195268e-01
9.711666703224182129e-01
9.750000139077504846e-01
9.788333455721537346e-01
9.793333470821380393e-01
9.786666770776112356e-01
9.788333455721537346e-01
9.788333415985107644e-01
9.786666830380758020e-01
9.771666824817657471e-01
9.795000155766805383e-01
9.775000095367432085e-01
9.755000074704488489e-01
9.806666751702626250e-01
9.790000120798746375e-01
9.765000164508819136e-01
9.801666796207427756e-01
9.815000116825103316e-01
9.798333446184793738e-01
9.800000150998433579e-01
9.798333466053008589e-01
9.776666760444641113e-01
9.763333419958750703e-01
9.801666796207427756e-01
9.803333441416423044e-01
9.783333420753479448e-01
9.781666775544484160e-01
9.708333392937977813e-01
9.604999979337056626e-01
9.676666676998137984e-01
9.486666659514109146e-01
9.333333313465118630e-01
9.466666599114735847e-01
9.546666582425434866e-01
9.568333268165588601e-01
9.598333259423573738e-01
9.611666580041249297e-01
9.636666695276896455e-01
9.611666580041249297e-01
9.658333341280619377e-01
9.663333396116892127e-01
9.701666732629140588e-01
9.696666717529296431e-01
9.723333418369293213e-01
9.710000018278758249e-01
9.750000099341075144e-01
9.745000123977660689e-01
9.768333435058593750e-01
9.803333481152852746e-01
9.770000100135802779e-01
9.816666821638743157e-01
9.788333455721537346e-01
9.795000116030375681e-01
9.753333429495493201e-01
9.778333485126495805e-01
9.790000140666961226e-01
9.750000059604644331e-01
9.791666805744171365e-01
9.805000126361846924e-01
9.808333516120910645e-01
9.800000111262003877e-01
9.830000102519989014e-01
9.805000086625417222e-01
9.786666810512543169e-01
9.811666786670685259e-01
9.840000152587891069e-01
9.821666757265726799e-01
9.806666831175486765e-01
9.861666798591613992e-01
9.818333486715952185e-01
9.826666772365569846e-01
9.826666772365569846e-01
9.818333446979522483e-01
9.806666811307270804e-01
9.825000147024790520e-01
9.810000121593475120e-01
9.841666817665100098e-01
9.835000097751617210e-01
9.845000127951304414e-01
9.775000135103861787e-01
9.688333392143249068e-01
9.681666711966196992e-01
9.721666753292084184e-01
9.733333428700764456e-01
9.740000049273173088e-01
9.736666738986968772e-01
9.745000123977660689e-01
9.721666733423869333e-01
9.715000073115030998e-01
9.766666789849599573e-01
9.711666762828826682e-01
9.718333383401235315e-01
9.725000043710072539e-01
9.733333349227905051e-01
9.733333428700764456e-01
9.718333383401235315e-01
9.725000083446502241e-01
9.723333458105722915e-01
9.756666799386342070e-01
9.743333458900451660e-01
9.760000089804331536e-01
9.765000045299530029e-01
9.773333410422007095e-01
9.793333450953165542e-01
9.838333467642466079e-01
9.820000131924947473e-01
9.810000101725260269e-01
9.788333475589752197e-01
9.823333442211150679e-01
9.815000156561534128e-01
9.805000146230061775e-01
9.843333443005879424e-01
9.835000097751617210e-01
9.798333485921223440e-01
9.780000110467275132e-01
9.718333403269450166e-01
9.700000027815500747e-01
9.730000098546346399e-01
9.736666738986968772e-01
9.720000048478444343e-01
9.678333322207133271e-01
9.715000092983245850e-01
9.708333412806192664e-01
9.736666738986968772e-01
9.740000148614247344e-01
9.741666754086811819e-01
9.788333455721537346e-01
9.761666794617970266e-01
9.778333425521850142e-01
9.791666805744171365e-01
9.761666774749755415e-01
9.798333466053008589e-01
9.821666797002156502e-01
9.831666827201843706e-01
9.806666831175486765e-01
9.821666816870371353e-01
9.793333431084950691e-01
9.833333452542623032e-01
9.818333446979522483e-01
9.853333453337351777e-01
9.815000116825103316e-01
9.835000137488046912e-01
9.803333461284637895e-01
9.813333451747894287e-01
9.770000060399373076e-01
9.786666790644328318e-01
9.788333475589752197e-01
9.773333450158436797e-01
9.786666790644328318e-01
9.738333344459533247e-01
9.758333444595337358e-01
9.778333445390064993e-01
9.801666756470998054e-01
9.810000101725260269e-01
9.813333471616109138e-01
9.826666792233784697e-01
9.805000146230061775e-01
9.798333466053008589e-01
9.826666772365569846e-01
9.806666791439055952e-01
9.810000121593475120e-01
9.811666826407114961e-01
9.701666752497355439e-01
9.771666745344798066e-01
9.808333436648051240e-01
9.716666718324025176e-01
9.631666640440622595e-01
9.640000005563099661e-01
9.561666587988535415e-01
9.553333282470702903e-01
9.656666696071625200e-01
9.661666671435038545e-01
9.720000167687733450e-01
9.760000069936116684e-01
9.691666742165883086e-01
9.668333331743875769e-01
9.665000021457672563e-01
9.728333433469136260e-01
9.781666775544484160e-01
9.741666714350382117e-01
9.786666770776112356e-01
9.820000131924947473e-01
9.768333514531453154e-01
9.786666750907897505e-01
9.755000094572703340e-01
9.788333455721537346e-01
9.766666750113169870e-01
9.793333450953165542e-01
9.715000073115030998e-01
9.721666733423869333e-01
9.761666754881540564e-01
9.760000069936116684e-01
9.736666738986968772e-01
9.715000073115030998e-01
9.755000074704488489e-01
9.760000149408976089e-01
9.790000140666961226e-01
9.781666815280913863e-01
9.780000130335489983e-01
9.788333435853322495e-01
9.816666821638743157e-01
9.760000129540761238e-01
9.771666804949442620e-01
9.810000061988830566e-01
9.818333446979522483e-01
9.823333422342935828e-01
9.821666816870371353e-01
9.843333443005879424e-01
9.830000122388203865e-01
9.843333462874094275e-01
9.830000142256418716e-01
9.791666785875956514e-01
9.823333462079365530e-01
9.821666797002156502e-01
9.806666811307270804e-01
9.838333447774251228e-01
9.868333439032236365e-01
9.853333453337351777e-01
9.821666797002156502e-01
9.840000132719676218e-01
9.851666788260141638e-01
9.826666772365569846e-01
9.826666792233784697e-01
9.835000137488046912e-01
9.756666779518127219e-01
9.745000104109445838e-01
9.801666736602783203e-01
9.781666755676269309e-01
9.811666826407114961e-01
9.786666810512543169e-01
9.821666816870371353e-01
9.813333491484323989e-01
9.853333453337351777e-01
9.843333443005879424e-01
9.876666764418283728e-01
9.880000114440917747e-01
9.883333444595336914e-01
9.851666788260141638e-01
9.826666772365569846e-01
9.878333449363708718e-01
9.846666793028513442e-01
9.856666783491770945e-01
9.828333477179209687e-01
9.858333468437194824e-01
9.868333419164021514e-01
9.821666797002156502e-01
9.788333475589752197e-01
9.825000147024790520e-01
9.823333481947581491e-01
9.716666738192240027e-01
9.675000071525573508e-01
9.690000017484029504e-01
9.710000038146973100e-01
9.701666752497355439e-01
9.741666714350382117e-01
9.558333297570545950e-01
9.511666615804036384e-01
9.521666606267292776e-01
9.601666649182637459e-01
9.688333372275034217e-01
9.691666662693023682e-01
9.690000037352244355e-01
9.683333317438761467e-01
9.721666733423869333e-01
9.715000053246816147e-01
9.730000158150990952e-01
9.746666789054870828e-01
9.730000098546346399e-01
9.775000174840291489e-01
9.810000101725260269e-01
9.816666781902313454e-01
9.845000127951304414e-01
9.826666792233784697e-01
9.850000103314717759e-01
9.793333431084950691e-01
9.791666805744171365e-01
9.803333481152852746e-01
9.841666777928670395e-01
9.816666762034098603e-01
9.820000131924947473e-01
