1.252666667103767284e-01
1.290666662156581823e-01
1.324666678905487005e-01
1.307999998331070002e-01
1.325333336989084898e-01
1.298666656017303522e-01
1.468000007172425569e-01
1.604000007112821036e-01
1.662666675945123074e-01
1.818666671713193295e-01
2.182000001271565681e-01
2.201999997099240713e-01
2.049333343903223803e-01
2.226666659116744995e-01
2.232666656374931446e-01
2.558000023166338566e-01
2.923333336909612057e-01
3.075333336989085065e-01
3.273999998966852787e-01
3.425999999046325795e-01
3.378666669130325206e-01
3.262666652599970352e-01
3.342666675647099628e-01
3.599333326021830204e-01
3.652666648228963253e-01
3.480666657288869481e-01
3.760666638612747414e-01
3.898000011841455947e-01
4.010666648546854507e-01
4.074666659037272098e-01
4.488666663567225101e-01
4.779999991257985470e-01
4.939333309729894150e-01
5.133999953667323091e-01
4.748666634162266864e-01
5.223333328962326272e-01
5.158000002304713449e-01
5.378000050783157127e-01
5.528000026941299883e-01
5.621999959150950632e-01
5.687999963760376199e-01
5.827333271503448708e-01
6.012000024318695512e-01
6.106666664282480728e-01
6.345999995867411814e-01
6.424000044663746856e-01
6.495999972025553459e-01
6.644000033537547090e-01
6.702000002066293982e-01
6.701999962329864280e-01
6.665999968846638701e-01
6.865333358446756851e-01
6.839999993642170706e-01
6.901333312193552727e-01
6.972666720549265396e-01
7.049333373705546357e-01
7.066666662693024126e-01
7.039333383242288855e-01
7.080666700998942131e-01
7.204000055789947510e-01
7.235333343346913582e-01
7.329333384831746567e-01
7.349333306153614798e-01
7.470666607220967093e-01
7.530000011126199988e-01
7.532666703065236113e-01
7.516666670640309578e-01
7.395333369572957283e-01
7.528666694959004202e-01
7.605999986330668206e-01
7.677333295345306619e-01
7.726666669050852310e-01
7.523999989032745805e-01
7.574000000953674538e-01
7.762666662534077888e-01
7.779333333174387466e-01
7.825999935468037627e-01
7.824000000953674760e-01
7.882666707038878950e-01
7.895333329836528025e-01
7.896666705608368364e-01
7.929333368937174775e-01
7.854666670163472642e-01
7.990666727224985388e-01
7.939333279927571763e-01
7.972666680812835471e-01
7.968000014623005667e-01
8.045333365599314224e-01
8.040666679541269568e-01
8.074666678905486616e-01
8.073333342870075979e-01
8.022000034650166311e-01
8.050000011920929177e-01
8.116000056266784446e-01
8.176666716734568574e-01
8.189333359400431389e-01
8.189333339532216538e-01
8.225333333015442117e-01
8.261333326498667695e-01
8.290666659673054939e-01
8.257333338260650635e-01
8.318000078201294167e-01
8.329333345095316643e-01
8.300666670004527292e-01
8.285999993483225134e-01
8.364666640758514626e-01
8.353333373864492151e-01
8.343999962011973137e-01
8.406666696071625200e-01
8.442666649818419966e-01
8.379333357016245376e-01
8.361333330472310310e-01
8.452666660149892319e-01
8.427999973297118919e-01
8.437333305676778528e-01
8.515333314736683867e-01
8.489999949932098833e-01
8.469333310921987046e-01
8.457999924818674353e-01
8.461333354314167776e-01
8.468666692574818855e-01
8.479999999205271033e-01
8.565333366394043413e-01
8.565999984741210493e-01
8.532666643460591338e-01
8.519999980926513672e-01
8.557999988396962632e-01
8.563333292802174368e-01
8.553333322207132827e-01
8.497333248456319099e-01
8.423999985059101858e-01
8.514666636784871123e-01
8.519999980926513672e-01
8.647333244482676706e-01
8.616666674613953081e-01
8.604666630427042495e-01
8.675999959309895759e-01
8.639999945958455330e-01
8.659333388010660437e-01
8.625999967257181877e-01
8.689333319664001021e-01
8.711333334445953147e-01
8.660666684309641372e-01
8.711333334445953147e-01
8.682000041007995605e-01
8.655333360036213675e-01
8.678000013033548843e-01
8.719999969005585161e-01
8.684666653474172326e-01
8.692666709423064741e-01
8.719999988873800012e-01
8.716666678587595696e-01
8.734000007311503166e-01
8.723333299160003218e-01
8.783333381017048858e-01
8.747333347797393577e-01
8.761999964714050071e-01
8.803333342075347900e-01
8.750666658083597893e-01
8.758666654427845755e-01
8.750000019868214851e-01
8.788000007470448960e-01
8.796000023682911673e-01
8.779333293437957542e-01
8.819999992847442627e-01
8.723333358764648882e-01
8.744666655858357451e-01
8.730000038941700957e-01
8.759333292643228797e-01
8.680666665236155266e-01
8.720000008742014863e-01
8.812666714191437212e-01
8.799333333969115989e-01
8.794000049432119104e-01
8.812666694323222361e-01
8.816666742165882864e-01
8.877333323160807588e-01
8.851333379745482954e-01
8.860666731993357415e-01
8.857333362102508545e-01
8.841333309809367158e-01
8.847333371639252153e-01
8.862666626771290579e-01
8.899333318074543753e-01
8.853999952475229973e-01
8.887333353360493682e-01
8.889333367347717063e-01
8.872000018755594741e-01
8.915333330631256548e-01
8.874666710694630867e-01
8.827333331108093706e-01
8.891333321730295891e-01
8.915999988714854441e-01
8.862000028292338349e-01
8.892666677633921379e-01
8.964666704336802239e-01
8.929333309332530000e-01
8.852666735649108443e-01
8.919333338737487349e-01
8.900000055631002160e-01
8.883333305517832068e-01
8.963333388169606453e-01
8.994666675726572524e-01
8.953999956448872588e-01
8.986666699250539514e-01
8.991999983787536399e-01
8.932000021139780976e-01
8.944000045458475601e-01
8.969999988873799124e-01
8.965333302815755578e-01
8.932000060876210679e-01
8.973333319028218291e-01
9.017333308855692842e-01
8.955333352088927779e-01
8.920666694641112837e-01
8.961333354314168220e-01
9.020666678746541711e-01
8.970666686693827829e-01
8.927333374818166023e-01
8.997333367665608650e-01
8.970666686693827829e-01
8.974666694800058631e-01
8.974666694800058631e-01
9.025333364804585257e-01
8.978666663169860840e-01
8.998000085353851096e-01
9.024666706720988474e-01
8.974000036716460738e-01
9.011999964714050293e-01
9.032666703065236335e-01
9.028666655222574722e-01
8.947333335876465066e-01
8.963333348433176750e-01
8.979999959468841775e-01
8.993333379427591590e-01
8.973333299160003440e-01
9.034666657447815163e-01
8.996666649977366204e-01
8.971333344777424612e-01
9.040000041325887414e-01
9.070000072320302253e-01
9.006000022093455515e-01
9.042666673660277876e-01
9.112000008424122610e-01
9.069333295027415254e-01
9.025333384672801218e-01
9.031333367029825698e-01
9.052000025908152336e-01
9.051333347956339592e-01
9.051333347956339592e-01
9.043333331743875769e-01
9.077333331108092818e-01
9.046000043551126746e-01
9.040666699409485307e-01
9.039333323637644968e-01
9.058666626612345008e-01
9.066000004609425789e-01
9.060666660467783240e-01
9.092666685581207719e-01
9.038000007470449182e-01
9.055333336194356653e-01
9.082666675249735366e-01
9.052666683991750229e-01
9.058666646480559859e-01
9.056000014146169397e-01
9.127333323160807810e-01
9.104666650295257790e-01
9.098666687806447051e-01
9.137333373228708755e-01
9.093999981880187544e-01
9.123333334922790749e-01
9.118666708469390647e-01
9.144666711489359834e-01
9.096000055472056589e-01
9.122000018755594963e-01
9.118000010649363052e-01
9.051999986171722634e-01
9.072666684786478974e-01
9.079333345095316199e-01
9.103333353996276855e-01
9.083999991416931152e-01
9.128000040849050256e-01
9.136000076929727820e-01
9.111999988555907759e-01
9.158666630585988733e-01
9.144666691621144983e-01
9.144000013669332239e-01
9.123999953269958940e-01
9.131333291530608909e-01
9.160000026226043923e-01
9.122000038623809814e-01
9.168666660785674827e-01
9.176000018914540757e-01
9.160666624704997263e-01
9.168666700522104529e-01
9.136666675408681160e-01
9.153333365917205589e-01
9.108666678269704553e-01
9.162666678428650346e-01
9.108666678269704553e-01
9.133333345254261992e-01
9.162666638692219534e-01
9.169999957084655762e-01
9.234666625658670691e-01
9.191333313783009995e-01
9.205333312352498298e-01
9.213333348433176972e-01
9.170666654904683357e-01
9.100666681925455581e-01
9.064666648705800300e-01
9.165333310763040808e-01
9.157999992370605691e-01
9.162666638692219534e-01
9.187333325544992935e-01
9.131333351135253462e-01
9.128666679064433298e-01
9.168666680653889678e-01
9.211999972661336633e-01
9.213333348433176972e-01
9.179333309332530222e-01
9.222666660944620620e-01
9.141333401203155518e-01
9.110666692256927934e-01
9.016666650772094949e-01
9.121333340803782219e-01
9.106666704018910874e-01
9.150000055631001272e-01
9.226666688919067383e-01
9.151333411534626761e-01
9.203999996185302512e-01
9.196666618188221731e-01
9.208666642506917466e-01
9.200666725635529009e-01
9.206666648387908936e-01
9.218000014623005667e-01
9.193333367506663079e-01
9.146666685740153513e-01
9.183333317438761023e-01
9.237999975681304710e-01
9.219333370526631155e-01
9.236000001430511031e-01
9.239333351453145049e-01
9.209333360195159912e-01
9.259333332379658943e-01
9.251333336035411081e-01
9.276000003019968521e-01
9.152666687965392844e-01
9.193999946117401567e-01
9.254666646321614287e-01
9.252666672070820608e-01
9.272666633129119651e-01
9.251333316167195120e-01
9.210666676362355698e-01
8.948666711648305405e-01
9.056666652361552439e-01
9.084000031153360855e-01
9.090666691462199189e-01
9.204666694005330108e-01
9.202666620413462173e-01
9.206666688124338638e-01
9.197999993960063181e-01
9.218666632970173858e-01
9.282666663328806855e-01
9.255999962488810073e-01
9.287999987602233443e-01
9.319333334763845178e-01
9.291999936103820801e-01
9.250666638215382376e-01
9.256000002225239776e-01
9.316666662693023904e-01
9.262000004450480217e-01
9.305333356062571726e-01
9.285333295663197317e-01
9.274666627248128181e-01
9.279333273569743135e-01
9.286666671435038767e-01
9.253333330154418501e-01
9.146000027656555620e-01
9.226666688919067383e-01
9.260666688283284431e-01
9.312666614850362290e-01
9.282000005245208962e-01
9.290666600068410164e-01
9.311333318551381355e-01
9.223333319028218513e-01
9.288666645685831336e-01
9.292666713396707800e-01
9.323333263397216575e-01
9.296666661898295159e-01
9.272000034650166311e-01
9.285333335399628130e-01
9.295333325862884521e-01
9.320666670799255815e-01
9.302000006039937707e-01
9.168666660785674827e-01
9.227333406607309829e-01
9.269999941190083526e-01
9.301333308219910112e-01
9.281333327293396218e-01
9.313999931017558076e-01
9.347999970118204827e-01
9.337333281834919729e-01
9.330666661262512207e-01
9.296666642030080308e-01
9.250666697820028039e-01
9.261333306630452622e-01
9.299999972184499475e-01
9.310666640599568611e-01
9.320000012715657922e-01
9.310666680335998313e-01
9.312000036239623801e-01
9.359999974568684600e-01
9.320000032583872773e-01
9.360666652520497344e-01
9.311999956766764397e-01
9.277333319187164307e-01
9.267333308855693064e-01
9.196666677792867395e-01
9.265999992688497278e-01
9.182000001271565237e-01
9.310666680335998313e-01
9.334000051021575928e-01
9.355999986330668650e-01
9.383999963601430405e-01
9.338666617870330366e-01
9.365999976793925041e-01
9.304666658242543020e-01
9.302666644255320749e-01
9.333333313465118630e-01
9.333999971548716523e-01
9.329333384831746123e-01
9.313999950885772927e-01
9.345999956130981445e-01
9.353333254655201712e-01
9.340000033378601518e-01
9.306666652361551550e-01
9.329333325227101570e-01
9.354666630427043161e-01
9.346666653951009041e-01
9.375999927520751731e-01
9.317333300908406946e-01
9.269333283106485633e-01
9.331333378950754653e-01
9.336666623751322946e-01
9.354666670163472864e-01
9.330666621526082505e-01
9.334666609764099565e-01
9.345999956130981445e-01
9.349333326021830315e-01
9.369333346684773911e-01
9.327333311239878189e-01
9.353999972343445268e-01
9.343333343664804724e-01
9.322666664918263235e-01
9.375333309173583540e-01
9.342666685581206831e-01
9.358000000317890921e-01
9.387999971707662317e-01
9.379333376884460005e-01
9.358000020186106882e-01
9.410666684309642038e-01
9.316666702429453606e-01
9.276666700839996116e-01
9.310000002384185569e-01
9.364666581153869851e-01
9.427333335081736765e-01
9.393999934196471946e-01
9.432666619618733650e-01
9.380666673183440940e-01
9.393333315849303755e-01
9.397333284219105964e-01
9.413999974727630393e-01
9.405333320299784639e-01
9.392666618029276160e-01
9.425999999046326128e-01
9.390666623910267630e-01
9.383333305517832512e-01
9.372666656970978227e-01
9.361999968687693130e-01
9.383333265781402810e-01
9.381999969482421875e-01
9.393333236376444351e-01
9.286666711171468469e-01
9.162666658560435495e-01
9.297333319981893052e-01
9.350666622320811250e-01
9.351333359877268547e-01
9.270666678746540823e-01
9.338666637738545218e-01
9.369333306948344209e-01
9.365999996662139893e-01
9.343333284060160171e-01
9.295999964078267563e-01
9.372666637102763376e-01
9.412666618824004905e-01
9.400666673978169685e-01
9.402666668097178215e-01
9.429333289464314483e-01
9.426666637261708059e-01
9.417999982833862305e-01
9.437999943892161347e-01
9.376666665077209029e-01
9.377999981244404815e-01
9.387333313624064424e-01
9.400666634241739983e-01
9.392666657765705862e-01
9.405999958515167680e-01
9.410666644573211226e-01
9.439333299795786836e-01
9.390666663646698442e-01
9.413333296775817649e-01
9.391999959945678267e-01
9.377333323160806922e-01
9.396666685740152625e-01
9.431333303451537864e-01
9.434666613737742180e-01
9.427999973297118697e-01
9.404000063737233406e-01
9.376666645208994177e-01
9.418666660785675049e-01
9.412666618824004905e-01
9.433333317438761245e-01
9.321333289146422896e-01
9.369333346684773911e-01
9.443999985853831491e-01
9.429333349068959036e-01
9.445999960104624060e-01
9.462666670481364450e-01
9.485999961694081550e-01
9.443999946117400679e-01
9.429999947547912376e-01
9.475999951362610307e-01
9.421333352724711174e-01
9.426666577657063506e-01
9.374666631221770796e-01
9.409999986489613333e-01
9.197333335876465288e-01
9.274000008900959990e-01
9.357333302497863325e-01
9.338666598002115515e-01
9.417333324750264412e-01
9.388666649659475061e-01
9.421333332856496323e-01
9.399333318074544197e-01
9.420666654904683579e-01
9.468666613101959229e-01
9.397999982039133560e-01
9.463333328564961233e-01
9.445333321889241018e-01
9.455333312352498520e-01
9.446666697661082468e-01
9.437999963760376199e-01
9.404666642347971894e-01
9.343999962011972915e-01
9.399333298206329346e-01
9.420666654904683579e-01
9.434666593869527329e-01
9.458666622638702837e-01
9.446666618188221953e-01
9.447333375612895212e-01
9.030000011126200210e-01
8.957333366076151160e-01
9.099333345890044944e-01
9.200666606426238792e-01
9.251333355903625932e-01
9.268666605154672888e-01
9.364666680494944107e-01
9.395999987920125029e-01
9.429333329200744185e-01
9.400666634241739983e-01
9.410000026226044145e-01
9.441333293914795366e-01
9.395999968051910178e-01
9.434666653474171882e-01
9.376666645208994177e-01
9.449333270390828377e-01
9.455333332220713372e-01
9.384000003337860107e-01
9.444666663805644236e-01
9.467333316802978294e-01
9.491333345572153801e-01
9.448666592439015632e-01
9.455999990304311265e-01
9.436666687329610115e-01
9.425999999046326128e-01
9.455999970436096413e-01
9.455333292484283669e-01
9.515999913215636985e-01
9.421333332856496323e-01
9.449999968210855972e-01
9.487333317597707039e-01
9.449999948342641121e-01
9.447333335876464400e-01
9.412666638692219756e-01
9.463333348433177195e-01
9.473333259423574182e-01
9.502666632334391128e-01
9.471999982992808098e-01
9.471999943256378396e-01
9.407333314418793169e-01
9.352666596571604929e-01
9.443999965985615530e-01
9.416666587193807114e-01
9.473333299160003884e-01
9.432666639486948501e-01
9.422666629155477258e-01
9.482666691144306936e-01
9.501999954382578384e-01
9.517999947071075217e-01
9.507333298524220933e-01
9.515333314736683645e-01
9.493333280086517778e-01
9.436000009377797371e-01
9.431333323319752715e-01
9.408666630585987845e-01
9.484666665395100615e-01
9.494666596253712454e-01
9.503999968369801765e-01
9.443999985853831491e-01
9.404666662216186745e-01
9.458666642506917688e-01
9.471333265304565652e-01
9.488666633764902825e-01
9.486666659514109146e-01
9.461999952793120894e-01
9.483999967575073020e-01
9.457333366076151604e-01
9.477333307266235796e-01
9.433333297570546394e-01
9.497999966144561323e-01
9.398666659990946304e-01
9.433333277702331543e-01
9.467333316802978294e-01
9.476666669050852754e-01
9.489333311716715569e-01
9.475333333015442117e-01
9.546666622161865678e-01
9.496666610240935835e-01
9.511999964714050737e-01
9.498000045617421838e-01
9.486666659514109146e-01
9.502666652202605979e-01
9.525999983151753892e-01
9.536666611830393325e-01
9.489999989668528313e-01
9.386666655540466531e-01
9.513999958833058157e-01
9.469999988873799568e-01
9.490666627883911355e-01
9.510666648546854951e-01
9.545333305994669892e-01
9.467333356539407996e-01
9.378666639328002708e-01
9.424666623274485788e-01
9.457333266735077348e-01
9.511999944845835886e-01
9.477999925613402876e-01
9.520666639010111343e-01
9.539333323637644302e-01
9.499999980131784705e-01
9.541999995708465576e-01
9.524666627248128403e-01
9.562666614850362512e-01
9.504666626453399658e-01
9.462666610876718787e-01
9.488666613896687974e-01
9.505999942620595444e-01
9.516666650772094282e-01
9.443333307902018747e-01
9.477999945481617727e-01
9.491333246231079546e-01
9.465333282947540061e-01
9.463333368301392046e-01
9.468000034491220740e-01
9.431333343187967566e-01
9.407999972502391062e-01
9.479999979337055960e-01
9.506666680177052742e-01
9.419999976952870835e-01
9.270666658878325972e-01
9.229333360989888657e-01
9.355999966462452688e-01
9.403999944527944299e-01
9.486666619777679443e-01
9.472666660944620842e-01
9.485333303610483657e-01
9.537999927997589111e-01
9.521333297093709236e-01
9.545999964078267785e-01
9.476666669050852754e-01
9.315333267052968713e-01
9.384666661421458000e-01
9.413999934991200691e-01
9.489333331584930420e-01
9.521333277225494385e-01
9.536666631698608176e-01
9.518666585286458259e-01
9.578666627407074197e-01
9.536666611830393325e-01
9.528666635354360315e-01
9.546000003814697488e-01
9.540666639804840088e-01
9.534666637579599646e-01
9.502666652202605979e-01
9.548666675885518762e-01
9.495333313941956010e-01
9.496666610240935835e-01
9.485999961694081550e-01
9.464000046253204790e-01
9.533333341280619821e-01
9.504666646321614509e-01
9.549333254496256140e-01
9.552666644255319861e-01
9.524666607379913552e-01
9.492666622002919885e-01
9.509999950726827356e-01
9.401999990145365471e-01
9.376666625340779326e-01
9.414666632811228286e-01
9.472666581471761438e-01
9.489999989668528313e-01
9.478666663169861284e-01
9.543333292007446511e-01
9.541333357493082534e-01
9.481333275636036895e-01
9.457333286603292200e-01
9.516666630903879431e-01
9.486666639645894294e-01
9.543333331743876213e-01
9.536000033219654837e-01
9.547333280245463571e-01
9.500666598478952896e-01
9.553999960422515647e-01
9.559333304564158196e-01
9.561333278814951875e-01
9.554666678110758093e-01
9.518666644891102813e-01
9.509333292643229463e-01
9.552666584650675308e-01
9.536666611830393325e-01
9.564666589101155081e-01
9.573999961217244392e-01
9.519333243370056152e-01
9.518666664759317664e-01
9.503999948501586914e-01
9.489333331584930420e-01
9.536666631698608176e-01
9.578666687011718750e-01
9.490000029404958015e-01
9.499333322048186812e-01
9.499333262443542258e-01
9.477333307266235796e-01
9.547999978065491167e-01
9.555333296457926284e-01
9.564666648705800744e-01
9.537999967734018814e-01
9.494666655858358117e-01
9.459333300590515581e-01
9.407333314418793169e-01
9.382666627566019768e-01
9.465999980767567656e-01
9.431999961535135757e-01
9.498666644096374068e-01
9.531999985376994333e-01
9.549333254496256140e-01
9.595333317915598625e-01
9.525333305199941147e-01
9.497999926408131621e-01
9.580666661262512429e-01
9.526666661103566636e-01
9.578666667143503899e-01
9.566666603088378462e-01
9.612666626771291245e-01
9.592666625976562500e-01
9.521999975045521980e-01
9.570666670799254927e-01
9.557999968528747559e-01
9.606666644414265654e-01
9.580000003178914536e-01
9.591999967892964607e-01
9.601999998092651811e-01
9.508000016212463379e-01
9.611999968687693352e-01
9.575333297252655029e-01
9.576666653156280518e-01
9.559333324432373047e-01
9.571999927361806160e-01
9.609999954700469971e-01
9.564666628837585893e-01
9.561999976634979470e-01
9.533333281675974158e-01
9.606666644414265654e-01
9.590666671593983672e-01
9.601333340009053918e-01
9.624000032742817679e-01
9.612000008424123054e-01
9.592666606108347649e-01
9.624666690826415572e-01
9.637999971707661429e-01
9.622666696707408152e-01
9.544666628042857148e-01
9.579333325227101792e-01
9.579999943574269983e-01
9.558000008265177261e-01
9.434666653474171882e-01
9.477333247661590132e-01
9.497999946276346472e-01
9.360666592915852791e-01
9.449999988079070823e-01
9.509333312511444314e-01
9.575999975204467773e-01
9.533333281675974158e-01
9.598000009854634751e-01
9.589999934037526375e-01
9.583999931812285933e-01
9.583999951680500784e-01
9.512666642665863481e-01
9.570666611194610374e-01
9.567999998728434763e-01
9.588000039259593210e-01
9.555333276589711433e-01
9.583999931812285933e-01
9.616666674613952859e-01
9.608000040054320845e-01
9.515999952952066687e-01
9.559999982515970940e-01
9.590666631857553970e-01
9.493999997774760224e-01
9.537333309650420921e-01
9.554666618506113540e-01
9.492000003655751694e-01
9.584666609764098677e-01
9.553333322207132605e-01
9.609333336353301780e-01
9.550666630268096480e-01
9.569333295027414588e-01
9.601333300272624216e-01
9.613333304723103989e-01
9.595333397388458030e-01
9.555333276589711433e-01
9.599333306153615686e-01
9.511333326498667695e-01
9.549999932448068884e-01
9.598000009854634751e-01
9.604666690031687937e-01
9.615333338578542222e-01
9.597999970118205049e-01
9.641333361466725149e-01
9.626666645208994399e-01
9.514666656653086863e-01
9.560666680335998535e-01
9.587999999523162398e-01
9.622666716575623003e-01
9.630666613578796609e-01
9.644666671752929465e-01
9.556666612625122070e-01
9.564666608969371042e-01
9.559333324432373047e-01
9.365333338578542000e-01
9.439333319664001687e-01
9.520000000794728301e-01
9.582000017166137917e-01
9.588666697343189993e-01
9.585333267847696570e-01
9.525333285331726296e-01
9.529999931653340139e-01
9.618666668732961389e-01
9.603333314259846487e-01
9.637999971707661429e-01
9.600666662057241174e-01
9.615999956925710412e-01
9.558666626612345452e-01
9.587333281834919951e-01
9.644666671752929465e-01
9.653333346048991181e-01
9.666666706403096443e-01
9.660666624704996597e-01
9.625999967257181655e-01
9.601999958356220999e-01
9.604666630427042273e-01
9.648666679859161377e-01
9.599999964237213579e-01
9.639333268006642363e-01
9.656666656335194387e-01
9.643333355585733679e-01
9.656666696071625200e-01
9.573999961217244392e-01
9.535333335399627241e-01
9.583999951680500784e-01
9.543333371480305916e-01
9.438000003496805901e-01
9.425333321094513384e-01
9.556000014146168731e-01
9.578666667143503899e-01
9.578000009059906006e-01
9.545999964078267785e-01
9.573333323001861350e-01
9.553333322207132605e-01
9.582000017166137917e-01
9.605999966462452910e-01
9.636666635672251902e-01
9.657999992370605025e-01
9.652000069618225098e-01
9.655999998251597605e-01
9.675999999046325240e-01
9.600666721661885727e-01
9.662000060081481490e-01
9.587999999523162398e-01
9.604000051816304895e-01
9.566000004609426233e-01
9.587999959786732695e-01
9.682000001271565681e-01
9.639999945958455108e-01
9.641333301862080596e-01
9.568666636943816695e-01
9.551999946435292266e-01
9.628666659196217781e-01
9.645333369572957061e-01
9.671333352724711396e-01
9.635999937852223196e-01
9.684000015258789062e-01
9.683333337306976318e-01
9.659333368142445364e-01
9.688666621843974314e-01
9.679333349068959258e-01
9.674666682879130564e-01
9.659333268801371108e-01
9.665333350499470955e-01
9.683999935785929658e-01
9.682666659355163574e-01
9.700666646162668938e-01
9.695333361625670943e-01
9.696666697661081580e-01
9.672666688760122033e-01
9.580666661262512429e-01
9.463999986648559126e-01
9.529999991257985803e-01
9.594666620095571030e-01
9.595999995867411370e-01
9.643999993801116721e-01
9.614666720231374031e-01
9.634666681289673074e-01
9.618666648864746538e-01
9.621999998887379446e-01
9.658000091711680390e-01
9.622666676839192190e-01
9.641333321730295447e-01
9.690000037352244355e-01
9.685333391030629402e-01
9.650666693846384758e-01
9.653999984264374223e-01
9.647999922434489228e-01
9.623333334922790083e-01
9.672666668891907182e-01
9.652000010013580544e-01
9.627333343029021995e-01
9.651333312193552949e-01
9.714666624863942390e-01
9.691999991734822073e-01
9.682666718959808128e-01
9.651999950408935991e-01
9.626000026861826209e-01
9.585333327452342234e-01
9.595333278179168923e-01
9.592666665712992202e-01
9.647333323955535889e-01
9.673333307107289114e-01
9.658000032107035837e-01
9.656666676203410349e-01
9.664666672547658210e-01
9.654666622479756155e-01
9.613333304723103989e-01
9.655999998251597605e-01
9.676666716734568796e-01
9.679333349068959258e-01
9.706000049908956040e-01
9.667333344618479485e-01
9.665999968846639145e-01
9.613999962806701882e-01
9.612666626771291245e-01
9.637999931971231726e-01
9.625333249568939209e-01
9.636666695276896455e-01
9.637999991575877390e-01
9.628000020980834739e-01
9.660666704177856001e-01
9.459333260854084768e-01
9.478666583697000769e-01
9.529999991257985803e-01
9.569333314895629439e-01
9.572666664918263457e-01
9.583999971548716745e-01
9.583999931812285933e-01
9.636666735013326157e-01
9.552666624387105010e-01
9.555999954541524177e-01
9.567333300908406057e-01
9.606000026067097464e-01
9.652666668097178437e-01
9.641333341598510298e-01
9.689333319664001909e-01
9.692000071207682588e-01
9.730000038941700735e-01
9.713333348433176306e-01
9.699333329995473152e-01
9.690000037352244355e-01
9.680000066757201704e-01
9.668000002702077378e-01
9.695333361625670943e-01
9.699333349863688003e-01
9.586666663487751761e-01
9.660666644573211448e-01
9.679333289464314705e-01
9.674000004927317820e-01
9.716000000635782730e-01
9.666666726271311294e-01
9.707333366076151826e-01
9.715333322683969985e-01
9.710666696230570993e-01
9.715333322683969985e-01
9.679333329200744407e-01
9.680666724840799597e-01
9.692000051339467737e-01
9.620666722456614472e-01
9.645333329836527358e-01
9.644666671752929465e-01
9.620666682720184770e-01
9.569999933242797630e-01
9.656666715939840051e-01
9.674000024795532671e-01
9.686666627724965783e-01
9.709999998410542288e-01
9.697333395481109175e-01
9.743333379427592256e-01
9.665333310763041252e-01
9.637333333492279497e-01
9.495999932289123091e-01
9.404666701952616448e-01
9.547333359718322976e-01
9.602000017960866662e-01
9.648666640122731675e-01
9.664000014464060317e-01
9.687333365281423081e-01
9.702666660149892319e-01
9.725333372751872041e-01
9.737333416938781516e-01
9.716000020503997581e-01
9.753333369890848648e-01
9.734666645526885986e-01
9.723999977111816850e-01
9.644666691621144317e-01
9.668666660785675271e-01
9.649333298206329568e-01
9.602666596571604041e-01
9.633333285649617883e-01
9.642000039418537893e-01
9.650666654109955056e-01
9.613999923070272180e-01
9.675999979178110388e-01
9.679333408673603811e-01
9.545333345731099595e-01
9.626666645208994399e-01
9.664666632811228508e-01
9.710000018278758249e-01
9.636000037193298562e-01
9.702000021934509277e-01
9.668000022570292229e-01
9.641333361466725149e-01
9.687999963760376421e-01
9.707333385944366677e-01
9.718666652838389153e-01
9.702666680018107170e-01
9.720666706562042236e-01
9.734666724999745391e-01
9.746666709582011423e-01
9.709333340326945505e-01
9.669333299001058313e-01
9.672666708628336885e-01
9.654666682084401819e-01
9.692000051339467737e-01
9.716000040372212432e-01
9.739333391189575195e-01
9.721333424250284683e-01
9.738666713237762451e-01
9.641999979813893340e-01
9.638666689395904985e-01
9.662666658560434829e-01
9.642666717370350637e-01
9.653333326180776330e-01
9.684000015258789062e-01
9.689333339532216760e-01
9.726666649182637014e-01
9.545999983946482637e-01
9.382666687170664321e-01
9.288666625817616485e-01
9.503333290417989021e-01
9.607999960581461441e-01
9.645999948183695549e-01
9.700666745503743194e-01
9.719333310921987046e-01
9.689999997615814653e-01
9.727333307266234907e-01
9.720000028610229492e-01
9.726666708787282678e-01
9.737333357334136963e-01
9.764666636784871123e-01
9.754000027974446541e-01
9.704000016053517808e-01
9.688666681448618867e-01
9.594000041484832542e-01
9.603999992211659231e-01
9.621999959150949744e-01
9.625333368778228316e-01
9.633333345254262436e-01
9.527333299318949678e-01
9.515999972820281538e-01
9.491333345572153801e-01
9.648666620254516824e-01
9.648000021775563484e-01
9.666000048319498550e-01
9.751333316167195564e-01
9.725333352883657190e-01
9.732000033060709265e-01
9.752666672070821052e-01
9.758666634559631792e-01
9.751333355903625266e-01
9.747333327929178504e-01
9.771333376566568862e-01
9.717333396275837920e-01
9.700666685899098640e-01
9.755333364009857178e-01
9.778000017007192346e-01
9.765333414077759233e-01
9.777333358923594453e-01
9.815333326657612600e-01
9.793333411216735840e-01
9.708000024159749719e-01
9.460666656494141069e-01
9.569999992847442183e-01
9.607999900976816887e-01
9.657333334287007132e-01
9.708666682243347612e-01
9.671333352724711396e-01
9.703999996185302956e-01
9.734666685263315689e-01
9.731333374977111372e-01
9.691333313783009329e-01
9.686666687329610337e-01
9.750666717688242224e-01
9.718666712443033706e-01
9.729999999205271033e-01
9.754000008106231689e-01
9.796000003814697710e-01
9.748666703701018843e-01
9.723333378632863511e-01
9.663333296775817871e-01
9.713999986648559348e-01
9.739333371321360344e-01
9.741333365440368874e-01
9.760000030199686982e-01
9.784000078837077341e-01
9.661333322525024192e-01
9.711333354314167776e-01
9.707333346207936975e-01
9.760666628678639212e-01
9.774666666984558328e-01
9.757333358128865708e-01
9.737333357334136963e-01
9.764000038305918894e-01
9.757333358128865708e-01
9.704000016053517808e-01
9.627333323160807144e-01
9.631333331267039055e-01
9.553333361943562307e-01
9.377333323160806922e-01
9.571999927361806160e-01
9.655333379904429414e-01
9.699333310127258301e-01
9.747333367665608206e-01
9.744000017642975298e-01
9.737333337465922112e-01
9.740000029404958237e-01
9.654666642347972116e-01
9.559333284695943345e-01
9.619333346684774133e-01
9.677333374818165579e-01
9.723333358764648660e-01
9.678666611512501960e-01
9.696666657924651878e-01
9.690666675567627397e-01
9.710000038146973100e-01
9.654000024000803926e-01
9.703333417574564468e-01
9.699333369731902854e-01
9.725999991099040232e-01
9.697333335876464622e-01
9.728666683038075247e-01
9.713333328564961455e-01
9.715333342552184837e-01
9.734666685263315689e-01
9.645999987920125252e-01
9.658000032107035837e-01
9.720666686693827385e-01
9.766000012556711463e-01
9.770000060399373076e-01
9.764000038305918894e-01
9.794000009695689180e-01
9.780000030994415727e-01
9.779333412647247536e-01
9.768666684627532737e-01
9.788000007470448738e-01
9.756000002225240220e-01
9.722000022729238022e-01
9.744666715463002893e-01
9.781333386898041216e-01
9.781333327293395552e-01
9.772000014781951904e-01
9.797333379586538049e-01
9.790666679541270012e-01
9.771333356698354011e-01
9.796000023682912561e-01
9.705333292484283891e-01
9.730000019073485884e-01
9.760666708151499726e-01
9.770000120004017630e-01
9.788666705290476333e-01
9.786666651566823250e-01
9.792666673660278542e-01
9.791333357493082756e-01
9.775333364804585923e-01
9.728666702906291208e-01
9.747999986012776397e-01
9.774666686852773179e-01
9.771333336830139160e-01
9.758666694164276345e-01
9.798000017801921091e-01
9.756000061829884773e-01
9.752000013987223159e-01
9.768666664759317886e-01
9.738000035285949707e-01
9.569333275159199736e-01
9.540666659673054939e-01
9.566000004609426233e-01
9.536666671435037879e-01
9.639333327611286917e-01
9.710666696230570993e-01
9.734000007311502944e-01
9.745333353678385935e-01
9.750000039736429480e-01
9.797333419322967751e-01
9.354000051816304673e-01
9.224666635195414299e-01
9.410000026226044145e-01
9.581333339214325173e-01
9.595999956130981667e-01
9.676666716734568796e-01
9.731333355108896521e-01
9.742666602134704146e-01
9.754666606585185029e-01
9.764000018437702932e-01
9.792666693528493393e-01
9.757333318392436006e-01
9.728000024954478464e-01
9.746666709582011423e-01
9.749333341916401885e-01
9.768000066280364546e-01
9.764000078042348596e-01
9.793999989827474328e-01
9.744000037511190149e-01
9.645999987920125252e-01
9.723333299160004106e-01
9.751333415508269820e-01
9.789333363374074226e-01
9.806000014146168953e-01
9.816666742165883752e-01
9.811999996503194543e-01
9.807333350181579590e-01
9.802666703859964636e-01
9.786000033219655059e-01
9.766666650772094505e-01
9.790000021457672119e-01
9.776666680971781709e-01
9.797333359718323198e-01
9.804000000158945571e-01
9.790666699409484863e-01
9.774666686852773179e-01
9.774666706720988030e-01
9.798666675885517874e-01
9.772666652997334946e-01
9.767333348592122100e-01
9.762666662534077444e-01
9.782000025113423147e-01
9.753999988238016838e-01
9.785333335399627464e-01
9.771333316961924309e-01
9.805333336194356209e-01
9.839999993642171150e-01
9.839333295822143555e-01
9.826000034809112549e-01
9.790000061194101821e-01
9.764666696389515677e-01
9.776000042756398667e-01
9.767333348592122100e-01
9.789333363374074226e-01
9.754666626453399880e-01
9.505333284536997551e-01
9.439999997615814431e-01
9.591333349545796416e-01
9.673333346843719927e-01
9.690666695435842248e-01
9.755999942620595666e-01
9.781999965508778594e-01
9.774000068505604988e-01
9.765333334604898718e-01
9.762666722138723108e-01
9.779999971389770064e-01
9.779333353042602983e-01
9.764000038305918894e-01
9.797999997933705130e-01
9.820000032583872107e-01
9.817333380381266794e-01
9.809333364168802971e-01
9.808666666348775376e-01
9.803333361943562529e-01
9.785333335399627464e-01
9.768666724363962439e-01
9.814000010490417925e-01
9.828666647275289270e-01
9.820666670799255149e-01
9.762000024318695512e-01
9.740000049273173088e-01
9.786000013351440208e-01
9.802000025908151892e-01
9.809999982515971162e-01
9.783333361148833784e-01
9.753333389759063499e-01
9.794000029563904031e-01
9.795333345731099817e-01
9.801333308219909446e-01
9.807333350181579590e-01
9.807333389918009292e-01
9.689333359400431611e-01
9.661333342393239043e-01
9.652000049750010247e-01
9.651333292325338098e-01
9.729333360989887991e-01
9.730666736761729441e-01
9.647333323955535889e-01
9.528666635354360315e-01
9.589333295822143333e-01
9.626000006993611358e-01
9.653333326180776330e-01
9.740666707356770981e-01
9.774666746457417732e-01
9.799333353837330618e-01
9.801333347956339148e-01
9.778000056743622048e-01
9.804000079631804976e-01
9.708666741847992165e-01
9.726666669050852976e-01
9.748666644096374290e-01
9.787333408991495398e-01
9.767333408196766653e-01
9.734666685263315689e-01
9.804000020027160422e-01
9.800666670004526404e-01
9.812666674455007287e-01
9.813333352406820032e-01
9.845999995867411592e-01
9.834666669368743452e-01
9.851333379745483843e-01
9.836666703224181685e-01
9.762666702270508257e-01
9.731333335240681670e-01
9.608666658401489036e-01
9.571333289146423118e-01
9.633333305517832734e-01
9.670000036557515610e-01
9.736000021298726326e-01
9.739333331584930642e-01
9.787333389123280547e-01
9.746000011761982718e-01
9.808000048001607185e-01
9.799333373705546579e-01
9.788666685422261482e-01
9.796666681766510454e-01
9.797999997933705130e-01
9.844666699568430657e-01
9.838666677474975364e-01
9.850666662057240286e-01
9.841333369414011489e-01
9.848666648070018015e-01
9.851999998092650923e-01
9.834666689236958304e-01
9.840000013510386001e-01
9.831333299477894583e-01
9.781333367029826364e-01
9.762666722138723108e-01
9.799333393573761430e-01
9.720666686693827385e-01
9.734000047047932647e-01
9.731333355108896521e-01
9.681999961535135979e-01
9.698000033696492217e-01
9.660000006357828406e-01
9.561333298683166726e-01
9.695333341757456092e-01
9.724666714668274148e-01
9.753999988238016838e-01
9.786000013351440208e-01
9.798000037670135942e-01
9.768666644891103035e-01
9.672000010808309289e-01
9.730666697025298628e-01
9.751333296298980713e-01
9.784666717052459273e-01
9.795333345731099817e-01
9.824000000953674316e-01
9.838666657606760513e-01
9.821333368619282744e-01
9.846666693687439187e-01
9.828666687011718972e-01
9.856000065803527388e-01
9.840000013510386001e-01
9.829333384831746567e-01
9.804666717847188018e-01
9.843333323796590317e-01
9.866666674613953081e-01
9.818666656812031768e-01
9.795333365599314668e-01
9.816000024477641306e-01
9.831999997297923288e-01
9.817999978860219024e-01
9.826666692892710442e-01
9.780000030994415727e-01
9.804666658242543464e-01
9.824000060558318870e-01
9.815333386262258264e-01
9.806666711966196548e-01
9.821333328882853042e-01
9.804666697978973167e-01
9.800666689872741255e-01
9.805333395799000762e-01
9.808000028133392334e-01
9.788666685422261482e-01
9.752666711807250755e-01
9.749333361784616736e-01
9.478666663169861284e-01
7.911333322525024858e-01
8.501333316167195564e-01
8.748000025749206321e-01
8.942666709423064964e-01
9.074000020821889612e-01
9.183333377043406687e-01
9.231333295504252634e-01
9.339999993642170706e-01
9.388666669527689912e-01
9.445333302021026167e-01
9.444666624069213423e-01
9.517999966939290069e-01
9.558666626612345452e-01
9.565333267052967825e-01
9.616000016530354966e-01
9.637999931971231726e-01
9.649999996026357163e-01
9.655333320299784861e-01
9.641333341598510298e-01
9.671333332856496545e-01
9.688000082969665527e-01
9.734666685263315689e-01
9.726000010967255083e-01
9.733333309491475349e-01
9.751333336035410415e-01
9.759333312511444536e-01
9.762000004450480661e-01
9.760000010331472131e-01
9.794000069300333733e-01
9.762666702270508257e-01
9.774666706720988030e-01
9.798666715621948686e-01
9.799333353837330618e-01
9.802000025908151892e-01
9.812000016371409394e-01
9.841333329677581787e-01
9.816000024477641306e-01
9.795333325862884966e-01
9.807333389918009292e-01
9.788666645685831780e-01
9.793999989827474328e-01
9.814000050226847627e-01
9.810666680335998757e-01
9.812666714191436990e-01
9.815333386262258264e-01
9.839333355426788108e-01
9.831333339214325395e-01
9.842666685581207275e-01
9.828666706879933823e-01
9.840000013510386001e-01
9.827333311239878633e-01
9.790000041325886970e-01
