2.280000029752651813e-01
2.431999999408920587e-01
1.533333343298484974e-01
2.434666675825913618e-01
2.473333348830540901e-01
2.964666664600372203e-01
3.041333337624868016e-01
3.063333352406819587e-01
3.090000013510386112e-01
3.036666671435038212e-01
3.087999999523162731e-01
2.042000011851390073e-01
2.782666668295860068e-01
2.988666668534278870e-01
3.396666655937830570e-01
3.922666698694229348e-01
4.171333322922388676e-01
4.388000011444092019e-01
5.139333277940749678e-01
5.247333288192749245e-01
5.285333395004272461e-01
5.319333324829736975e-01
5.557333399852116829e-01
5.874666710694630423e-01
5.768666625022887962e-01
5.753999988238016616e-01
5.690000057220458984e-01
4.669999986886977927e-01
5.435333311557769553e-01
5.870666642983753958e-01
5.973333358764648660e-01
6.259999990463256392e-01
6.320000012715657478e-01
6.309333364168803193e-01
6.370666662851969253e-01
6.597999970118204605e-01
6.802666664123535600e-01
6.810666660467783462e-01
6.773999989032745139e-01
6.929999967416127227e-01
7.064666628837585893e-01
7.087999939918517844e-01
7.237333377202351814e-01
7.288000047206878440e-01
7.127999981244405037e-01
7.190000057220459206e-01
7.475999991099039343e-01
7.564666668574014929e-01
7.685333291689554480e-01
7.784000019232432122e-01
7.712666730086008560e-01
7.776666621367136489e-01
7.752666691939036347e-01
7.302000006039937041e-01
7.412666698296864753e-01
7.741333345572153357e-01
8.007333377997080115e-01
8.074666698773701468e-01
8.122000018755595185e-01
8.243333339691162331e-01
8.289333363374074004e-01
8.274666666984558105e-01
8.234000007311502722e-01
8.345333337783813477e-01
8.373999973138173125e-01
8.407999972502390174e-01
8.551999926567077637e-01
8.509999970595042429e-01
8.584666629632313750e-01
8.701999962329864946e-01
8.640666643778482925e-01
8.673333366711933889e-01
8.687333325544993601e-01
8.793333351612091509e-01
8.837999979654947991e-01
8.892000059286753189e-01
8.772666692733764870e-01
8.948000013828277810e-01
8.959333320458729988e-01
8.979999999205271477e-01
9.050666689872741699e-01
9.034000019232432122e-01
9.088000019391377915e-01
9.084000031153360855e-01
9.024666647116342810e-01
9.079333364963531050e-01
9.142666717370351304e-01
9.111999988555907759e-01
8.918000002702076712e-01
9.114666620890299331e-01
9.136000037193298118e-01
9.166666646798451445e-01
9.175999979178111055e-01
9.042666673660277876e-01
9.112666686375935354e-01
9.185333371162414107e-01
9.197999993960063181e-01
9.184000035127003470e-01
9.233333329359690866e-01
9.280666669209798325e-01
9.306000014146168509e-01
9.279333313306172837e-01
9.221999943256378174e-01
9.202000002066293982e-01
9.249333381652832253e-01
9.297333339850107903e-01
9.265333294868469682e-01
9.281999965508779260e-01
9.339999973773955855e-01
9.302000006039937707e-01
9.293333252271016587e-01
9.301999906698862342e-01
9.322666645050048384e-01
9.379333317279815452e-01
9.273999989032745139e-01
9.346666653951009041e-01
9.330000003178914314e-01
9.273999989032745139e-01
9.278666694959004646e-01
9.295333345731099373e-01
9.290666600068410164e-01
9.351333320140838845e-01
9.379999955495198494e-01
9.433333317438761245e-01
9.416666626930236816e-01
9.448666671911875037e-01
9.426666657129924021e-01
9.413999954859415542e-01
9.417999982833862305e-01
9.481333335240681448e-01
9.487333297729492188e-01
9.444666663805644236e-01
9.444666683673859087e-01
9.487999916076660378e-01
9.397333264350891113e-01
9.406666636466980425e-01
9.482666631539662383e-01
9.480666597684224151e-01
9.479999939600626258e-01
9.471333265304565652e-01
9.462000012397766557e-01
9.515333275000253943e-01
9.377333283424377219e-01
9.436000009377797371e-01
9.464666664600371870e-01
9.536666711171467581e-01
9.259333372116088645e-01
9.098000029722849158e-01
9.242000003655751472e-01
9.413999954859415542e-01
9.483333309491475127e-01
9.472666621208191140e-01
9.157333334287007798e-01
9.320666670799255815e-01
9.240666667620340835e-01
9.440666655699412324e-01
9.522666672865549575e-01
9.354666670163472864e-01
9.381333271662394280e-01
9.482666631539662383e-01
9.489999989668528313e-01
9.539999941984812493e-01
9.520666658878326194e-01
9.568666636943816695e-01
9.538666605949401855e-01
9.525999943415324189e-01
9.569333314895629439e-01
9.565999984741211382e-01
9.347333371639251487e-01
9.300666670004527070e-01
9.466666678587595252e-01
9.526000003019968743e-01
9.529333273569743357e-01
9.466666618982950698e-01
9.599333326021830537e-01
9.582666655381520959e-01
9.309333304564157974e-01
9.547999997933706018e-01
9.591333329677581565e-01
9.608666638533274185e-01
9.620000004768372026e-01
9.635999997456868860e-01
9.629333357016245376e-01
9.639333347479502878e-01
9.555999974409739028e-01
9.587999999523162398e-01
9.625999987125396506e-01
9.640666703383128366e-01
9.629333317279815674e-01
9.640666623910267852e-01
9.666000068187713401e-01
9.672666668891907182e-01
9.671333352724711396e-01
9.629999995231628418e-01
9.655999978383381643e-01
9.663333296775817871e-01
9.655999978383381643e-01
9.682666639486948723e-01
9.713333328564961455e-01
9.687999983628591272e-01
9.596666634082794411e-01
9.370666642983754846e-01
9.489333331584930420e-01
9.515333334604899607e-01
9.576666653156280518e-01
9.436666627724965561e-01
9.511333306630452844e-01
9.569333314895629439e-01
9.586666683355967722e-01
9.619999984900157175e-01
9.308000008265177039e-01
9.405999978383382532e-01
9.529333353042602761e-01
9.493999977906545373e-01
9.447333296140034697e-01
9.526666581630707231e-01
9.582666635513306108e-01
9.638666689395904985e-01
9.400000035762786643e-01
9.527999997138977273e-01
9.636000037193298562e-01
9.624666631221771018e-01
9.622666617234547637e-01
9.627333283424377441e-01
9.623333315054575232e-01
9.672666688760122033e-01
9.700666666030883789e-01
9.688000003496806123e-01
9.702666680018107170e-01
9.719333350658416748e-01
9.662666698296864531e-01
9.618666688601176240e-01
9.658666630585988067e-01
9.684666673342386956e-01
9.681333343187967788e-01
9.684666673342386956e-01
9.697999914487203110e-01
9.715333322683969985e-01
9.710666696230570993e-01
9.716666698455810325e-01
9.686666707197825188e-01
9.691333353519440141e-01
9.736000001430511475e-01
9.710666696230570993e-01
9.711333334445952925e-01
9.696666657924651878e-01
9.728666683038075247e-01
9.722666680812835915e-01
9.658666650454202918e-01
9.719999988873799790e-01
9.729333380858103952e-01
9.754666705926259285e-01
9.771333416302998565e-01
9.740666647752126428e-01
9.708666682243347612e-01
9.668000022570292229e-01
9.647333304087321038e-01
9.725333333015442339e-01
9.744666655858357229e-01
9.736666639645894517e-01
9.690666675567627397e-01
9.732000013192494414e-01
9.738666713237762451e-01
9.726000030835469934e-01
9.758666733900706047e-01
9.721333384513854980e-01
9.689333399136861313e-01
9.700000027815500747e-01
9.746666669845580611e-01
9.758000036080678452e-01
9.780666669209797659e-01
9.695333262284596687e-01
9.566666702429453828e-01
9.696666717529296431e-01
9.626666684945424102e-01
9.496666649977366648e-01
9.630666653315226311e-01
9.720666686693827385e-01
9.718000034491220962e-01
9.743333399295807107e-01
9.757333338260650857e-01
9.772000014781951904e-01
9.805333356062571060e-01
9.801999926567077637e-01
9.801999946435292488e-01
9.807999988396962632e-01
9.799333393573761430e-01
9.767333328723907249e-01
9.702666660149892319e-01
9.759333391984303940e-01
9.796666721502940156e-01
9.779333372910817834e-01
9.770666678746541267e-01
9.794666727383931626e-01
9.806666731834411399e-01
9.818666676680246619e-01
9.813999931017557410e-01
9.664666652679443359e-01
9.640666683514912405e-01
9.710666676362355032e-01
9.764666636784871123e-01
9.733999987443288093e-01
9.748666703701018843e-01
9.806000014146168953e-01
9.811333318551381799e-01
9.794666667779287073e-01
9.814666648705799856e-01
9.846666693687439187e-01
9.828666667143504121e-01
9.843333323796590317e-01
9.695333381493885794e-01
9.728666623433430694e-01
9.782666722933451853e-01
9.778666694959005090e-01
9.807333310445149888e-01
9.796000043551127412e-01
9.810666620731354204e-01
9.840666711330413596e-01
9.816000064214071008e-01
9.846666673819224336e-01
9.830666641394297800e-01
9.863333344459533913e-01
9.832666655381520071e-01
9.842000007629394531e-01
9.849333345890045610e-01
9.858666698137918960e-01
9.870666623115539329e-01
9.858000040054321067e-01
9.868000030517578569e-01
9.862000028292338127e-01
9.861333310604095681e-01
9.851333359877268991e-01
9.858666718006133811e-01
9.864666660626729700e-01
9.841333349545796638e-01
9.828666687011718972e-01
9.840000033378600852e-01
9.847333312034607378e-01
9.795333405335744370e-01
9.816000024477641306e-01
9.810666720072428459e-01
9.853333334128061560e-01
9.815333386262258264e-01
9.846666693687439187e-01
9.879999995231628640e-01
9.873333334922790305e-01
9.891333361466725371e-01
9.889333307743072288e-01
9.880000015099843491e-01
9.853333314259846709e-01
9.846000035603841294e-01
9.862666646639506318e-01
9.855333328247070090e-01
9.864666640758514848e-01
9.876666665077209473e-01
9.871333320935566924e-01
9.768666644891103035e-01
9.838666598002115959e-01
9.856000006198882835e-01
9.858000000317891365e-01
9.833333333333332815e-01
9.753999988238016838e-01
9.832000056902567842e-01
9.863999982674916955e-01
9.882000009218852021e-01
9.894666671752929688e-01
9.884666641553242483e-01
9.828666667143504121e-01
9.846000015735626443e-01
9.846666693687439187e-01
9.883333345254262658e-01
9.735333363215128433e-01
9.593999981880187988e-01
9.778666675090790239e-01
9.814000010490417925e-01
9.824000040690104019e-01
9.849333365758260461e-01
9.854666650295257346e-01
9.871999998887379668e-01
9.863333384195963616e-01
9.859999994436899895e-01
9.863333324591319062e-01
9.884666681289673296e-01
9.875333309173583984e-01
9.802666664123534934e-01
9.697333335876464622e-01
9.322666645050048384e-01
9.639333347479502878e-01
9.682666699091593276e-01
9.761333366235097619e-01
9.798666675885517874e-01
9.815333346525828562e-01
9.827999949455261675e-01
9.839333335558573257e-01
9.860666652520497788e-01
9.872000098228455034e-01
9.882666667302449914e-01
9.883333365122477510e-01
9.901333252588907508e-01
9.880666693051656235e-01
9.892000039418538115e-01
9.905333320299783972e-01
9.906000018119811568e-01
9.918000042438507302e-01
9.867333352565765825e-01
9.892666637897491455e-01
9.901333292325337210e-01
9.911999980608622307e-01
9.894000033537546646e-01
9.902666687965393510e-01
9.905333320299783972e-01
9.914666632811228730e-01
9.840666631857554192e-01
9.765333354473113570e-01
9.840666631857554192e-01
9.882000048955281724e-01
9.885333319505055227e-01
9.866666694482167932e-01
9.894666691621144539e-01
9.904666682084400930e-01
9.919333378473917939e-01
9.906666656335194610e-01
9.922666629155476592e-01
9.913333376248677498e-01
9.910666644573211670e-01
9.921999990940093550e-01
9.911333302656809563e-01
9.934666693210602029e-01
9.918666680653890344e-01
9.935333371162414773e-01
9.924666663010914824e-01
9.930000007152557373e-01
9.907333294550577651e-01
9.927333335081736099e-01
9.938000063101450898e-01
9.944000025590260528e-01
9.940666635831196807e-01
9.927333394686380652e-01
9.934000035127004136e-01
9.931333363056182861e-01
9.949333369731903076e-01
9.933333377043406243e-01
9.930000027020772224e-01
9.872666637102762710e-01
9.876000066598256133e-01
9.877333343029022217e-01
9.908000051975249800e-01
9.898000001907348855e-01
9.894666671752929688e-01
9.893999993801116943e-01
9.894666632016499985e-01
9.911333382129668967e-01
9.932666699091593498e-01
9.942000031471251997e-01
9.944666703542073272e-01
9.947333395481109397e-01
9.925333360830942420e-01
9.913333296775818093e-01
9.883999943733214888e-01
9.910666644573211670e-01
9.914666652679443581e-01
9.919999996821086130e-01
9.942000011603037146e-01
9.928666690985361587e-01
9.926000018914540313e-01
9.936666746934255112e-01
9.944666723410288123e-01
9.941333333651224402e-01
9.938000043233236047e-01
9.945333381493886016e-01
9.951333363850911606e-01
9.947333375612894546e-01
9.931333363056182861e-01
9.879999975363413789e-01
9.821333309014638191e-01
9.883333345254262658e-01
9.825333376725514656e-01
9.810000022252400864e-01
9.858666618665059556e-01
9.846666673819224336e-01
9.784666736920674124e-01
9.803333421548207083e-01
9.884000023206075403e-01
9.891999959945678711e-01
9.924666682879129675e-01
9.907333354155222205e-01
9.915333271026611772e-01
9.922666668891906294e-01
9.933333317438761689e-01
9.924000044663746634e-01
9.939333379268646684e-01
9.952000061670939202e-01
9.954000115394592285e-01
9.951333403587341309e-01
9.952000002066294648e-01
9.952666680018107392e-01
9.950666705767313713e-01
9.899333298206329790e-01
9.892000019550323264e-01
9.894666671752929688e-01
9.930000007152557373e-01
9.913333336512247795e-01
9.905333340167998823e-01
9.928666710853576438e-01
9.944000065326690230e-01
9.944000065326690230e-01
9.949333409468332778e-01
9.939333399136861535e-01
9.934000035127004136e-01
9.944000025590260528e-01
9.951333423455556160e-01
9.935333371162414773e-01
9.907333254814147949e-01
9.920000016689300981e-01
9.926000018914540313e-01
9.934000035127004136e-01
9.922666649023691443e-01
9.933999995390574433e-01
9.944666763146717825e-01
9.928666671117146736e-01
9.938000023365021196e-01
9.954666713873545625e-01
9.966666758060455100e-01
9.938666741053263642e-01
9.890000025431314734e-01
9.930666645367940415e-01
9.950000027815500969e-01
9.955333371957143518e-01
9.945333421230315718e-01
9.943333367506662634e-01
9.955333391825358369e-01
9.947333355744679695e-01
9.906666735808055124e-01
9.916000008583069070e-01
9.948000073432922141e-01
9.964000026384989273e-01
9.961333374182382849e-01
9.972000122070312500e-01
9.968666732311248779e-01
9.958666761716207239e-01
9.967333396275838142e-01
9.958000103632609346e-01
9.957333385944366899e-01
9.952666719754537095e-01
9.939333319664001021e-01
9.957333385944366899e-01
9.964000046253204124e-01
9.959333380063374319e-01
9.961333394050597700e-01
9.970000048478444565e-01
9.979333400726317915e-01
9.979333400726317915e-01
9.977333386739094534e-01
9.974000076452891328e-01
9.977333406607310495e-01
9.964000066121418975e-01
9.962000032265980742e-01
9.948666711648305183e-01
9.939333339532215872e-01
9.936000029246012666e-01
9.955333391825358369e-01
9.940666715304057321e-01
9.908000032107034949e-01
9.843333343664805168e-01
9.881999969482422319e-01
9.915333310763041474e-01
9.913333336512247795e-01
9.925333321094512717e-01
9.928000013033548843e-01
9.935333371162414773e-01
9.918666621049244680e-01
9.855333348115284942e-01
9.800666749477386919e-01
9.858666678269704109e-01
9.910666624704996819e-01
9.913999954859415986e-01
9.938000043233236047e-01
9.956666747728983857e-01
9.956666727860769006e-01
9.967333396275838142e-01
9.971333444118499756e-01
9.975333432356516816e-01
9.974000116189321030e-01
9.966000060240427505e-01
9.976000070571899858e-01
9.974666714668274370e-01
9.977333406607310495e-01
9.976666768391927453e-01
9.978000084559123239e-01
9.981333414713541297e-01
9.977333426475525346e-01
9.976666708787281790e-01
9.980666776498158255e-01
9.987333416938781738e-01
9.986000061035156250e-01
9.992666741212209436e-01
9.984666784604390166e-01
9.992666721343994585e-01
9.986000061035156250e-01
9.992666721343994585e-01
9.971333424250284905e-01
9.929999947547912820e-01
9.906000018119811568e-01
9.852000037829081736e-01
9.908666670322417991e-01
9.649333337942759270e-01
9.724666694800059297e-01
9.862000048160552979e-01
9.871333320935566924e-01
9.913999994595845688e-01
9.930000046888987075e-01
9.946666717529296653e-01
9.940666695435841360e-01
9.954666753609975327e-01
9.959333380063374319e-01
9.899333298206329790e-01
9.932000001271565903e-01
9.950000027815500969e-01
9.959333360195159468e-01
9.954000075658162583e-01
9.960666735966999807e-01
9.977333406607310495e-01
9.983333428700764678e-01
9.978666762510935984e-01
9.970000068346659416e-01
9.946000079313913611e-01
9.956666787465413559e-01
9.950000027815500969e-01
9.976000070571899858e-01
9.961333394050597700e-01
9.975333432356516816e-01
9.974000076452891328e-01
9.979333420594532766e-01
9.917333344618479707e-01
9.852666656176248816e-01
9.897999962170919153e-01
9.923333366711933889e-01
9.959333419799805132e-01
9.960666716098784956e-01
9.974000076452891328e-01
9.971333424250284905e-01
9.974000076452891328e-01
9.975333432356516816e-01
9.982000033060709487e-01
9.979333400726317915e-01
9.973333458105723137e-01
9.960666716098784956e-01
9.948666751384734885e-01
9.910000026226043479e-01
9.858666638533274407e-01
9.899999976158142534e-01
9.910666724046071074e-01
9.922666688760121145e-01
9.948000033696492439e-01
9.937333345413208452e-01
9.962666710217793486e-01
9.967333396275838142e-01
9.974666774272918923e-01
9.976000070571899858e-01
9.984000066916147720e-01
9.984666744867960464e-01
9.753999988238016838e-01
9.763999998569488081e-01
9.849333365758260461e-01
9.879333337148030747e-01
9.918666660785675493e-01
9.925333380699157271e-01
9.919333318869273386e-01
9.942000071207682810e-01
9.954666753609975327e-01
9.966666758060455100e-01
9.962666710217793486e-01
9.967333416144052993e-01
9.972666760285695542e-01
9.984000106652577422e-01
9.987333416938781738e-01
9.988000055154164780e-01
9.984666744867960464e-01
9.989333411057790268e-01
9.988000094890594482e-01
9.988000055154164780e-01
9.991333425045013650e-01
9.987333416938781738e-01
9.986666738986968994e-01
9.985333402951558357e-01
9.988666752974192375e-01
9.990000069141388161e-01
9.991333405176798799e-01
9.989333430926005120e-01
9.989333391189575417e-01
9.986666738986968994e-01
9.988666713237762673e-01
9.981333454449970999e-01
9.962666789690654001e-01
9.972000102202097649e-01
9.955333431561788071e-01
9.934000074863433838e-01
9.958000024159748831e-01
9.960666696230570105e-01
9.967333396275838142e-01
9.968666811784108184e-01
9.980666776498158255e-01
9.988000075022379631e-01
9.988000094890594482e-01
9.986666738986968994e-01
9.989333430926005120e-01
9.986666758855183845e-01
9.988000134627024185e-01
9.988666752974192375e-01
9.985333402951558357e-01
9.990666727224986055e-01
9.992000063260396692e-01
9.990000069141388161e-01
9.991333405176798799e-01
9.986000100771585952e-01
9.990000069141388161e-01
9.990000069141388161e-01
9.987333397070566887e-01
9.987333397070566887e-01
9.988000055154164780e-01
9.990666727224986055e-01
9.994000077247620073e-01
9.995333353678385047e-01
9.993333379427592478e-01
9.994000077247620073e-01
9.992666701475779734e-01
9.991333385308583948e-01
9.982666770617166785e-01
9.978666802247365686e-01
9.974666754404704072e-01
9.940666695435841360e-01
9.946000019709269058e-01
9.950000027815500969e-01
9.957333405812581750e-01
9.952000081539154053e-01
9.962000072002410445e-01
9.977333446343740198e-01
9.980000058809915808e-01
9.976666728655497751e-01
9.968666752179463630e-01
9.956666767597198708e-01
9.940666715304057321e-01
9.927333374818165801e-01
9.930000007152557373e-01
9.925333321094512717e-01
9.940666755040487024e-01
9.944666683673858421e-01
9.956000030040741411e-01
9.966000099976857207e-01
9.965333461761474165e-01
9.968000094095865737e-01
9.984000106652577422e-01
9.977333386739094534e-01
9.884666641553242483e-01
9.902666648228962698e-01
9.918666700522105195e-01
9.941333333651224402e-01
9.963333427906035933e-01
9.964666724205016868e-01
9.976000110308329560e-01
9.986000120639800803e-01
9.986666738986968994e-01
9.987333397070566887e-01
9.992000043392181841e-01
9.990666727224986055e-01
9.995333393414814749e-01
9.994000057379405222e-01
9.988666733105977524e-01
9.990000069141388161e-01
9.996000051498412642e-01
9.995333393414814749e-01
9.992666761080424287e-01
9.996666709582010535e-01
9.996000051498412642e-01
9.996000031630197791e-01
9.996000051498412642e-01
9.996000051498412642e-01
9.996000051498412642e-01
9.996000031630197791e-01
9.995333373546599898e-01
9.996666709582010535e-01
9.996000031630197791e-01
9.995333393414814749e-01
9.996000051498412642e-01
9.998000025749206321e-01
9.996666709582010535e-01
9.996000051498412642e-01
9.994666695594787154e-01
9.953333338101705285e-01
9.840000013510386001e-01
9.804666658242543464e-01
9.877333303292592515e-01
9.912666658560435051e-01
9.940000017484028616e-01
9.957333445549011453e-01
9.964000066121418975e-01
9.977333406607310495e-01
9.966000040372212654e-01
9.975333392620087114e-01
9.974000096321106179e-01
9.901333332061768022e-01
9.916666646798452112e-01
9.945333321889241462e-01
9.962000052134195593e-01
9.960666735966999807e-01
9.978000064690907278e-01
9.968000133832295440e-01
9.937333345413208452e-01
9.931333343187968010e-01
9.934666673342387178e-01
9.960666735966999807e-01
9.976000030835469046e-01
9.976000130176544411e-01
9.981333374977111594e-01
9.990000069141388161e-01
9.987333416938781738e-01
9.986666778723398696e-01
9.990666786829630608e-01
9.988000075022379631e-01
9.987333436806996589e-01
9.990666727224986055e-01
9.990000069141388161e-01
9.989333430926005120e-01
9.990666727224986055e-01
9.992666741212209436e-01
9.991333385308583948e-01
9.995333393414814749e-01
9.996000031630197791e-01
9.998000025749206321e-01
9.994000077247620073e-01
9.996666709582010535e-01
9.994000077247620073e-01
9.996000051498412642e-01
9.997333347797393577e-01
9.996000051498412642e-01
9.998000025749206321e-01
9.990666687488556352e-01
9.987333416938781738e-01
9.964666744073231719e-01
9.960000058015187063e-01
9.900000055631001938e-01
9.887333313624063758e-01
9.927333295345306396e-01
9.963333408037821082e-01
9.968666752179463630e-01
9.978000104427338091e-01
9.986000041166941399e-01
9.986000100771585952e-01
9.987333436806996589e-01
9.987333416938781738e-01
9.982000112533568892e-01
9.988666733105977524e-01
9.984000106652577422e-01
9.977333446343740198e-01
9.970666766166687012e-01
9.970666766166687012e-01
9.977333446343740198e-01
9.972666740417480691e-01
9.976666748523712602e-01
9.989333391189575417e-01
9.980666756629943404e-01
9.942666649818420188e-01
9.946666677792866951e-01
9.966000040372212654e-01
9.964666724205016868e-01
9.968000074227650886e-01
9.970666766166687012e-01
9.985333402951558357e-01
9.994666715463002005e-01
9.992666721343994585e-01
9.988666733105977524e-01
9.990666747093200906e-01
9.985333422819773208e-01
9.990000069141388161e-01
9.998000025749206321e-01
9.995333393414814749e-01
9.997333367665608428e-01
9.995333393414814749e-01
9.996000051498412642e-01
9.996000051498412642e-01
9.996666709582010535e-01
9.998666683832804214e-01
9.997333367665608428e-01
9.998000025749206321e-01
9.996666709582010535e-01
9.999333341916402107e-01
9.998000025749206321e-01
9.999333341916402107e-01
9.997333367665608428e-01
9.998666683832804214e-01
9.998666683832804214e-01
9.997333367665608428e-01
9.996000051498412642e-01
9.991333365440369096e-01
9.993333419164022180e-01
9.988666733105977524e-01
9.958000024159748831e-01
9.837333381175994429e-01
9.852666676044463667e-01
9.881333371003468979e-01
9.930000007152557373e-01
9.942666709423064741e-01
9.935333371162414773e-01
9.951333423455556160e-01
9.941333373387654104e-01
9.964000046253204124e-01
9.972000122070312500e-01
9.968000094095865737e-01
9.978666762510935984e-01
9.984000106652577422e-01
9.977333426475525346e-01
9.976000070571899858e-01
9.983333388964334976e-01
9.990666747093200906e-01
9.991333405176798799e-01
9.985333402951558357e-01
9.988000075022379631e-01
9.986666778723398696e-01
9.991333385308583948e-01
9.992000083128611543e-01
9.992666721343994585e-01
9.992666701475779734e-01
9.992666761080424287e-01
9.988000094890594482e-01
9.974000096321106179e-01
9.980666756629943404e-01
9.965333422025044463e-01
9.942666689554849890e-01
9.961333374182382849e-01
9.974000076452891328e-01
9.986666778723398696e-01
9.984666724999745613e-01
9.970666726430257309e-01
9.974666814009348625e-01
9.946000019709269058e-01
9.947333335876464844e-01
9.970000088214874268e-01
9.984666804472605017e-01
9.992000063260396692e-01
9.993333379427592478e-01
9.995333353678385047e-01
9.994000037511189261e-01
9.998666683832804214e-01
9.995333393414814749e-01
9.999333341916402107e-01
9.996666709582010535e-01
9.995333353678385047e-01
9.995333393414814749e-01
9.998000025749206321e-01
9.997333367665608428e-01
9.998000025749206321e-01
9.998666683832804214e-01
9.997333367665608428e-01
9.999333341916402107e-01
9.996666709582010535e-01
9.998666683832804214e-01
9.998000025749206321e-01
9.999333341916402107e-01
9.994000037511189261e-01
9.993333359559376516e-01
9.986000120639800803e-01
9.991333425045013650e-01
9.986000080903371101e-01
9.966666758060455100e-01
9.964666744073231719e-01
9.939333319664001021e-01
9.904000063737233850e-01
9.947333395481109397e-01
9.959333380063374319e-01
9.962666789690654001e-01
9.858000000317891365e-01
9.846666693687439187e-01
9.911333322525024414e-01
9.897333363691965813e-01
9.938000023365021196e-01
9.945333321889241462e-01
9.968666732311248779e-01
9.970666766166687012e-01
9.987333416938781738e-01
9.990666727224986055e-01
9.988666752974192375e-01
9.986666738986968994e-01
9.990000069141388161e-01
9.992666721343994585e-01
9.977333386739094534e-01
9.988666792710622078e-01
9.980000038941700957e-01
9.988000094890594482e-01
9.994000057379405222e-01
9.995333393414814749e-01
9.996666709582010535e-01
9.996000051498412642e-01
9.998666683832804214e-01
9.997333367665608428e-01
9.998000025749206321e-01
9.998000025749206321e-01
9.998666683832804214e-01
9.998666683832804214e-01
9.998000025749206321e-01
9.999333341916402107e-01
