1.268000018472472956e-01
3.166000038385391457e-01
4.891333331664403095e-01
5.583999991416931374e-01
5.980000019073485884e-01
6.322666625181834199e-01
6.624666631221771684e-01
6.949999988079070823e-01
7.110000014305114524e-01
7.258666674296061494e-01
7.361333330472310532e-01
7.500000019868214851e-01
7.551999946435292710e-01
7.588666617870331033e-01
7.790666699409485307e-01
7.888000031312306648e-01
7.965333362420400354e-01
8.003333330154418501e-01
7.954666654268900405e-01
8.064666688442230225e-01
8.117333352565765381e-01
8.139333327611287805e-01
8.089999953905741004e-01
8.200666646162668716e-01
8.272666692733764426e-01
8.283999999364216604e-01
8.301333367824554887e-01
8.357999960581461441e-01
8.410666684309641150e-01
8.448666632175445557e-01
8.342000007629394309e-01
8.463999966780344497e-01
8.400666673978169907e-01
8.432000001271565681e-01
8.524666607379913774e-01
8.565333326657612600e-01
8.556666692097981697e-01
8.596666634082794634e-01
8.522666692733764648e-01
8.589999993642171150e-01
8.581333339214325395e-01
8.625333309173583984e-01
8.677333295345306396e-01
8.683999935785929880e-01
8.687333365281423303e-01
8.714666624863942612e-01
8.737333297729492632e-01
8.749333302179972405e-01
8.749333361784616958e-01
8.764000018437703154e-01
8.756666680177053186e-01
8.803999960422516091e-01
8.785333295663197983e-01
8.814000030358631887e-01
8.796666681766509566e-01
8.808666626612345896e-01
8.832000056902568064e-01
8.842666665712992646e-01
8.870000044504801062e-01
8.846666693687439409e-01
8.918000042438507524e-01
8.849333345890044722e-01
8.686666707197825410e-01
8.751333296298980935e-01
8.902666648228962920e-01
8.902000029881794729e-01
8.909333348274230957e-01
8.902000010013579878e-01
8.842666745185852051e-01
8.871333340803781997e-01
8.919999996821085242e-01
8.944666703542073494e-01
8.942666689554850112e-01
8.856666624546051247e-01
8.747333367665608428e-01
8.785333355267842537e-01
8.876000026861826653e-01
8.927333335081736321e-01
8.954666694005329886e-01
8.971333305040994910e-01
8.996666649977366204e-01
8.972666680812835249e-01
9.006000041961670366e-01
9.000000019868215073e-01
9.053333401679992676e-01
9.028666694959004424e-01
9.051333367824554443e-01
9.081333319346109878e-01
9.063333352406819365e-01
9.089333375295003403e-01
9.082666734854379920e-01
9.107333342234293916e-01
9.082666635513305664e-01
9.085333347320556641e-01
9.101333340009053474e-01
9.074666678905487505e-01
9.068666656812032212e-01
9.129333317279815230e-01
9.076666712760925737e-01
9.060666739940643755e-01
9.133999963601430183e-01
9.118666728337605498e-01
9.121333241462707964e-01
9.147333363691966257e-01
9.123999993006388642e-01
9.118666628996531243e-01
9.109333316485087595e-01
9.094666659832000288e-01
9.117333312829335457e-01
9.157333334287007798e-01
9.170666694641113059e-01
8.963333368301391602e-01
9.024666726589203325e-01
9.121999959150950410e-01
9.092666645844776907e-01
9.125333329041799280e-01
9.174666682879130120e-01
9.151999970277150398e-01
9.078000009059905562e-01
9.131333351135253462e-01
9.157999992370605691e-01
9.143333375453949197e-01
9.177999953428904734e-01
9.175333281358083459e-01
9.194000005722046120e-01
9.194666663805644014e-01
9.229333301385244104e-01
9.189999997615814209e-01
9.189999957879384507e-01
9.229333360989888657e-01
9.204000035921732215e-01
9.182666599750518577e-01
9.225333333015441895e-01
9.200666685899098196e-01
9.172666708628336441e-01
9.192666610081990930e-01
9.207999964555104722e-01
9.220666627089182388e-01
9.211333314577738740e-01
9.226666649182637681e-01
9.258666674296061050e-01
9.140666703383127922e-01
9.243333319822947258e-01
9.263999998569488747e-01
9.234666744867960908e-01
9.265333334604899385e-01
9.244000037511189705e-01
9.264666716257731194e-01
9.164666712284088579e-01
9.228666683038075913e-01
9.222666641076405769e-01
9.268666664759318552e-01
9.274000028769174842e-01
9.321999986966450491e-01
9.279333313306172837e-01
9.316666642824809053e-01
9.287999987602233443e-01
9.267333288987477102e-01
9.330666661262512207e-01
9.294666707515716331e-01
9.317999939123789988e-01
9.332666615645091035e-01
9.329333364963531272e-01
9.318666656812032434e-01
9.321999927361805938e-01
9.350666642189026101e-01
9.333999991416931374e-01
9.045333345731099151e-01
9.159333348274231179e-01
9.293333331743875991e-01
9.225333352883656746e-01
9.317333281040192094e-01
9.283333381017049302e-01
9.307333350181579146e-01
9.326666653156280296e-01
9.282666643460592004e-01
9.323999981085459021e-01
9.319999972979228220e-01
9.296000023682912117e-01
9.306000014146168509e-01
9.318666617075602732e-01
9.333333313465118630e-01
9.363999962806701660e-01
9.351333260536194292e-01
9.379333297411600601e-01
9.287333289782205847e-01
9.311333358287811057e-01
9.082666655381520515e-01
9.087999999523163064e-01
9.191333373387654548e-01
9.273999949296315437e-01
9.281999925772349558e-01
9.328666667143503677e-01
9.310666640599568611e-01
9.251999994119007864e-01
9.326666673024495147e-01
9.349333345890045166e-01
9.344666639963785659e-01
9.399999976158142090e-01
9.366666674613952637e-01
9.395999968051910178e-01
9.353999972343445268e-01
9.378666639328002708e-01
9.413999994595845244e-01
9.377999941507975112e-01
9.419333318869272942e-01
9.407999952634175100e-01
9.409333169460296631e-01
9.389999985694885698e-01
9.420666654904683579e-01
9.449333290259043228e-01
9.457333286603292200e-01
9.413999915122985840e-01
9.467333316802978294e-01
9.420666694641113281e-01
9.346666614214579338e-01
9.203333338101704619e-01
9.229999999205271699e-01
9.338666657606761179e-01
9.356666644414265432e-01
9.349999944368998506e-01
9.396666586399078369e-01
9.387999971707662317e-01
9.095333357652027884e-01
9.165999988714853552e-01
9.221333344777424834e-01
9.280666669209798325e-01
9.333333273728688928e-01
9.327999969323476082e-01
9.348666667938232422e-01
9.363333344459533469e-01
9.365333298842112297e-01
9.377999941507975112e-01
9.338666637738545218e-01
9.402666668097178215e-01
9.420666674772898430e-01
9.419999976952870835e-01
9.429333309332529334e-01
9.412666618824004905e-01
9.444000025590261194e-01
9.457333326339721902e-01
9.440666615962982622e-01
9.461999972661335745e-01
9.465333302815754912e-01
9.393999954064686797e-01
9.443333307902018747e-01
9.406666676203410127e-01
9.463333308696746382e-01
9.462666591008503936e-01
9.455999970436096413e-01
9.481333355108897409e-01
9.467999974886576187e-01
9.488666594028473122e-01
9.490666647752126206e-01
9.453999976317087883e-01
9.437999963760376199e-01
9.483333309491475127e-01
9.443333327770233598e-01
9.471999982992808098e-01
9.483333309491475127e-01
9.483999987443287871e-01
9.275999903678894265e-01
9.340666651725768599e-01
9.423333307107290002e-01
9.447999993960062293e-01
9.440666655699412324e-01
9.336666643619537798e-01
9.407999972502391062e-01
9.448666632175445335e-01
9.464000026384989939e-01
9.463999986648559126e-01
9.505999982357025146e-01
9.495333333810170862e-01
9.469333330790201675e-01
9.471999982992808098e-01
9.431333323319752715e-01
9.454666674137115479e-01
9.407999992370605913e-01
9.440000017484029282e-01
9.494000057379404778e-01
9.503999988238016616e-01
9.499333282311757110e-01
9.522666652997334724e-01
9.403999964396159150e-01
9.441999991734822961e-01
9.480666637420653853e-01
9.471333324909210205e-01
9.489333371321360122e-01
9.516666630903879431e-01
9.513999958833058157e-01
9.530666589736938032e-01
9.527999937534332719e-01
9.532666623592376265e-01
9.502666612466176277e-01
9.492666701475779290e-01
9.494666655858358117e-01
9.490666568279266802e-01
9.525333325068155998e-01
9.517999986807504920e-01
9.510666648546854951e-01
9.545333305994669892e-01
9.543999930222829553e-01
9.512666622797648630e-01
9.516666630903879431e-01
9.536666691303252730e-01
9.489333351453145271e-01
9.497999946276346472e-01
9.502000033855437788e-01
9.540666619936625237e-01
9.555333256721496582e-01
9.552666624387105010e-01
9.550666590531666778e-01
9.542666633923848618e-01
9.556666672229766624e-01
9.560666700204213386e-01
9.570666650931040076e-01
9.590666671593983672e-01
9.598666707674662346e-01
9.568666656812031546e-01
9.580666621526082727e-01
9.568666676680247507e-01
9.580000003178914536e-01
9.583999971548716745e-01
9.600000063578287834e-01
9.591999948024749756e-01
9.598666648070017793e-01
9.591333309809366714e-01
9.604666610558827422e-01
9.586000005404154978e-01
9.610000034173329375e-01
9.600666602452595511e-01
9.587333222230275398e-01
9.602666715780894258e-01
9.627333362897236846e-01
9.583333333333333703e-01
9.508666654427846421e-01
9.437333285808563454e-01
9.485333263874053955e-01
9.517999947071075217e-01
9.469333310921986824e-01
9.480666657288868704e-01
9.535999953746795432e-01
9.570666631062825225e-01
9.547333280245463571e-01
9.538666745026905813e-01
9.588666677474975142e-01
9.568666656812031546e-01
9.542666673660278320e-01
9.570666611194610374e-01
9.572666605313618904e-01
9.597333331902822007e-01
9.610666632652282715e-01
9.615999976793925264e-01
9.620666623115539107e-01
9.599333326021830537e-01
9.582666595776875296e-01
9.590666691462198523e-01
9.576666633288065666e-01
9.646000007788340103e-01
9.634666641553243371e-01
9.598666687806447495e-01
9.634000003337860329e-01
9.574666619300842285e-01
9.599999944368998728e-01
9.605333348115284720e-01
9.605333308378855017e-01
9.619333346684774133e-01
9.606666664282480506e-01
9.595999975999196518e-01
9.580666641394297578e-01
9.547999997933706018e-01
9.573999981085459243e-01
9.634666701157887925e-01
9.624666651089985869e-01
9.592666685581207053e-01
9.588666637738545440e-01
9.584666649500529489e-01
9.491999963919321992e-01
9.508666694164276123e-01
9.578666607538859346e-01
9.619999945163726363e-01
9.592666625976562500e-01
9.584666669368744341e-01
9.597999910513560495e-01
9.601999978224436960e-01
9.611999968687693352e-01
9.608000000317891143e-01
9.626000046730041060e-01
9.635333339373270967e-01
9.612666606903076394e-01
9.634666661421458222e-01
9.621333281199137000e-01
9.652000010013580544e-01
9.641333321730295447e-01
9.627333362897236846e-01
9.635333339373270967e-01
9.543999969959259255e-01
9.537333329518635772e-01
9.609333316485086929e-01
9.590666651725768821e-01
9.575333297252655029e-01
9.551333308219909224e-01
9.509333332379659165e-01
9.556666652361551773e-01
9.555333276589711433e-01
9.610666652520497566e-01
9.647333323955535889e-01
9.599333266417185984e-01
9.558666666348775154e-01
9.599333326021830537e-01
9.563333332538604958e-01
9.608666658401489036e-01
9.582666695117950661e-01
9.625333309173583762e-01
9.615333298842112519e-01
9.637333313624064646e-01
9.651333332061767800e-01
9.685333311557769997e-01
9.635333319505056116e-01
9.679333329200744407e-01
9.672666708628336885e-01
9.696000059445698538e-01
9.664666672547658210e-01
9.688666701316833718e-01
9.689333319664001909e-01
9.699333369731902854e-01
9.681333382924397490e-01
9.652000029881795395e-01
9.700666666030883789e-01
9.669333299001058313e-01
9.663999994595845466e-01
9.687333345413208230e-01
9.690666615962981734e-01
9.639999985694884810e-01
9.669333318869273164e-01
9.676666657129923133e-01
9.645333309968312507e-01
9.667333384354909187e-01
9.673999945322672156e-01
9.678666651248931663e-01
9.683333337306976318e-01
9.717333356539408218e-01
9.689333339532216760e-01
9.703333318233490212e-01
9.682666659355163574e-01
9.704000035921732659e-01
9.718666672706604004e-01
9.704666654268900849e-01
9.724000016848246553e-01
9.726000010967255083e-01
9.723333358764648660e-01
9.729333321253458289e-01
9.684666693210601807e-01
9.344666679700215361e-01
9.209999998410542954e-01
9.332666675249735588e-01
9.432666659355163352e-01
9.443999965985615530e-01
9.509333272775014612e-01
9.567999939123789099e-01
9.596000015735626221e-01
9.642666697502135786e-01
9.658666670322417769e-01
9.629333337148030525e-01
9.655999998251597605e-01
9.670666654904683801e-01
9.667333344618479485e-01
9.657999992370605025e-01
9.663333396116892127e-01
9.647333323955535889e-01
9.682666699091593276e-01
9.689999997615814653e-01
9.693333347638447561e-01
9.710000038146973100e-01
9.746000091234843232e-01
9.727333347002665720e-01
9.643999914328257317e-01
9.673333366711934778e-01
9.628000040849049590e-01
9.280000011126200432e-01
9.190666655699412102e-01
9.389999965826670847e-01
9.480666637420653853e-01
9.565333286921183786e-01
9.609999994436899673e-01
9.554000000158945349e-01
9.587999999523162398e-01
9.630000034968058120e-01
9.671333293120066843e-01
9.632666687170664543e-01
9.688000003496806123e-01
9.689333359400431611e-01
9.659999986489613555e-01
9.708000004291534868e-01
9.731333394845326223e-01
9.729333321253458289e-01
9.722666641076406213e-01
9.743333379427592256e-01
9.750666697820027373e-01
9.721333384513854980e-01
9.746000031630198679e-01
9.716000060240427283e-01
9.679333349068959258e-01
9.743333399295807107e-01
9.744666715463002893e-01
9.717333336671193367e-01
9.736666679382324219e-01
9.756000041961669922e-01
9.742666741212209214e-01
9.758000075817108154e-01
9.760000050067901833e-01
9.769333422183990034e-01
9.754000008106231689e-01
9.768000026543934844e-01
9.768000066280364546e-01
9.772000074386596458e-01
9.769333402315775183e-01
9.794000029563904031e-01
9.761333346366882768e-01
9.781333307425180701e-01
9.780000011126200876e-01
9.748666624228159439e-01
9.732666711012522009e-01
9.755333383878072029e-01
9.708000024159749719e-01
9.711333354314167776e-01
9.575333356857299583e-01
9.613333364327748543e-01
9.607333322366078399e-01
9.595333397388458030e-01
9.652000010013580544e-01
9.649333337942759270e-01
9.700666685899098640e-01
9.748000065485636911e-01
9.730000019073485884e-01
9.771333336830139160e-01
9.672666728496551736e-01
9.699333369731902854e-01
9.723999977111816850e-01
9.674000024795532671e-01
9.716666658719380623e-01
9.729333420594533655e-01
9.696000039577483687e-01
9.724666615327198782e-01
9.727333347002665720e-01
9.741333365440368874e-01
9.745999991893767866e-01
9.735333363215128433e-01
9.769333382447560332e-01
9.771333316961924309e-01
9.747999986012776397e-01
9.766666710376739058e-01
9.722666740417480469e-01
9.640666623910267852e-01
9.689999997615814653e-01
9.707333366076151826e-01
9.746000011761982718e-01
9.757333377997080559e-01
9.782666643460591338e-01
9.777999977270762644e-01
9.770666718482970969e-01
9.796000023682912561e-01
9.795333325862884966e-01
9.757333397865295410e-01
9.497333347797394243e-01
9.192666669686635483e-01
9.367999970912933572e-01
9.518666664759317664e-01
9.546666642030080530e-01
9.587999979654947547e-01
9.642666697502135786e-01
9.648666679859161377e-01
9.679333349068959258e-01
9.619999984900157175e-01
9.624666690826415572e-01
9.678000013033548621e-01
9.684666693210601807e-01
9.728000024954478464e-01
9.751333316167195564e-01
9.707333346207936975e-01
9.730666716893513479e-01
9.758000036080678452e-01
9.727333347002665720e-01
9.728666663169860396e-01
9.756000002225240220e-01
9.748000025749206099e-01
9.753999988238016838e-01
9.769333342711130630e-01
9.794000009695689180e-01
9.775333325068156221e-01
9.779999991257984915e-01
9.771333316961924309e-01
9.763333360354106150e-01
9.808000048001607185e-01
9.805333375930785911e-01
9.792666693528493393e-01
9.798000017801921091e-01
9.794666707515716775e-01
9.811333358287811501e-01
9.792000055313110352e-01
9.804666658242543464e-01
9.801333407560984812e-01
9.790000041325886970e-01
9.784666677316029570e-01
9.785333375136057166e-01
9.756000061829884773e-01
9.791999975840250947e-01
9.788000067075093291e-01
9.773333330949147690e-01
9.776666680971781709e-01
9.793333391348520989e-01
9.800666709740956106e-01
9.770000040531158225e-01
9.790666679541270012e-01
9.747999986012776397e-01
9.612666686375935798e-01
9.663333376248677276e-01
9.684666693210601807e-01
9.712000052134196482e-01
9.778666694959005090e-01
9.784000019232431677e-01
9.768666684627532737e-01
9.776666700839996560e-01
9.788666685422261482e-01
9.796000043551127412e-01
9.793333331743876435e-01
9.818666676680246619e-01
9.829333384831746567e-01
9.826000034809112549e-01
9.829333364963531716e-01
9.834666689236958304e-01
9.830666661262512651e-01
9.804666757583617720e-01
9.796666622161864790e-01
9.732666691144307158e-01
9.765333354473113570e-01
9.772666692733764648e-01
9.772000014781951904e-01
9.770000040531158225e-01
9.776000042756398667e-01
9.800000031789143362e-01
9.810666759808858162e-01
9.830666681130727502e-01
9.814666648705799856e-01
9.816666662693023238e-01
9.830666720867157204e-01
9.809333344300588120e-01
9.792666733264923096e-01
9.782666703065235891e-01
9.809333344300588120e-01
9.774000008900960434e-01
9.707999964555104055e-01
9.482000033060710154e-01
9.209999998410542954e-01
9.319333295027415476e-01
9.393333355585734568e-01
9.523333291212717766e-01
9.571333348751067671e-01
9.620666662851969919e-01
9.655333320299784861e-01
9.625333249568939209e-01
9.701333363850911384e-01
9.675333321094512495e-01
9.703333298365275361e-01
9.735999961694081772e-01
9.763999998569488081e-01
9.773333370685577393e-01
9.771999994913737053e-01
9.765999992688496611e-01
9.769999961058298821e-01
9.774000028769175286e-01
9.774666706720988030e-01
9.788000007470448738e-01
9.740000069141387939e-01
9.778000017007192346e-01
9.806666711966196548e-01
9.820000012715657256e-01
9.805999994277954102e-01
9.843333303928375466e-01
9.822000006834665786e-01
9.840000033378600852e-01
9.854666709899901900e-01
9.793333311875661584e-01
9.837333341439564727e-01
9.830000003178914758e-01
9.824666738510131614e-01
9.783333361148833784e-01
9.797999997933705130e-01
9.827333331108093484e-01
9.840000033378600852e-01
9.825999995072682847e-01
9.855333348115284942e-01
9.823999981085459465e-01
9.846666733423868889e-01
9.861333330472310532e-01
9.861999968687693574e-01
9.869999984900156287e-01
9.879999975363413789e-01
9.851999978224436072e-01
9.867999990781147757e-01
9.878666659196218003e-01
9.808000008265177483e-01
9.814666688442230669e-01
9.804666678110758316e-01
9.802000045776366743e-01
9.810000022252400864e-01
9.834000031153361521e-01
9.752666632334391350e-01
9.529333253701527395e-01
9.612000028292337905e-01
9.688000043233235825e-01
9.726666609446207312e-01
9.778666694959005090e-01
9.752666672070821052e-01
9.742000043392181619e-01
9.755333344141642327e-01
9.800666729609172068e-01
9.842666685581207275e-01
9.844000001748403061e-01
9.851333280404408477e-01
9.824666678905487061e-01
9.833333293596903113e-01
9.871333360671996626e-01
9.878666698932647705e-01
9.858000020186106216e-01
9.879333376884460449e-01
9.892000019550323264e-01
9.869333267211913840e-01
9.883333325386047807e-01
9.896666685740153069e-01
9.885333319505055227e-01
9.884666661421458445e-01
9.900000055631001938e-01
9.887333333492278609e-01
9.882666647434235063e-01
9.886666695276896677e-01
9.830000023047129609e-01
9.780000030994415727e-01
9.770666658878326416e-01
9.719333350658416748e-01
9.642666618029276382e-01
9.618000030517578347e-01
9.611999968687693352e-01
9.651333312193552949e-01
9.714666724205016646e-01
9.743333359559377405e-01
9.799333393573761430e-01
9.820000012715657256e-01
9.807333350181579590e-01
9.688666701316833718e-01
9.672000030676524140e-01
9.736000021298726326e-01
9.782666623592376487e-01
9.774666686852773179e-01
9.822666744391123084e-01
9.809333304564158418e-01
9.827333350976308335e-01
9.845999956130981889e-01
9.834666728973389116e-01
9.865333338578542444e-01
9.870000024636585989e-01
9.887333333492278609e-01
9.864000022411346658e-01
9.859333376089731704e-01
9.887999971707661651e-01
9.887333293755848906e-01
9.868666668732960501e-01
9.894666671752929688e-01
9.879333337148030747e-01
9.833333373069763628e-01
9.822666724522908233e-01
9.781333307425180701e-01
9.756666640440623262e-01
9.737999995549520005e-01
9.760666728019714578e-01
9.826666653156280740e-01
9.837333361307779578e-01
9.882666707038879617e-01
9.839333335558573257e-01
9.812666634718577585e-01
9.831333398818969949e-01
9.826000094413757102e-01
9.810666680335998757e-01
9.824666639169057358e-01
9.837333381175994429e-01
9.850000043710073205e-01
9.867999970912932906e-01
9.889333327611287139e-01
9.884666661421458445e-01
9.896000007788340325e-01
9.904666662216186079e-01
9.881999969482422319e-01
9.888666669527689246e-01
9.907333393891651907e-01
9.911333382129668967e-01
9.903333365917206255e-01
9.915999988714854219e-01
9.928000032901763694e-01
9.905333280563354270e-01
9.900666693846384980e-01
9.922666688760121145e-01
9.910000006357828628e-01
9.923333346843719038e-01
9.924666702747344527e-01
9.912666678428649902e-01
9.920666654904682913e-01
9.913999994595845688e-01
9.893999973932902092e-01
9.878666698932647705e-01
9.865333358446757295e-01
9.903333326180775442e-01
9.892666717370350860e-01
9.883333345254262658e-01
9.835333406925201860e-01
9.760000050067901833e-01
9.556666632493336921e-01
9.582666655381520959e-01
9.708000044027964570e-01
9.777333339055379602e-01
9.788000047206878440e-01
9.805333356062571060e-01
9.825333356857299805e-01
9.848666707674662568e-01
9.839333375295002959e-01
9.828000068664550781e-01
9.757333338260650857e-01
9.745333373546600786e-01
9.761333366235097619e-01
9.704000035921732659e-01
9.752000033855438010e-01
9.784666756788890085e-01
9.840000013510386001e-01
9.830000023047129609e-01
9.808000048001607185e-01
9.787333369255065696e-01
9.793333331743876435e-01
9.859999934832255342e-01
9.861333330472310532e-01
9.870000004768371138e-01
9.872666696707407263e-01
9.830000042915344460e-01
9.833333392937978479e-01
9.863999982674916955e-01
9.864666720231374253e-01
9.885999997456867971e-01
9.877333303292592515e-01
9.887333393096924272e-01
9.805333336194356209e-01
9.782000084718068811e-01
9.790666659673055161e-01
9.811999976634979692e-01
9.854000012079874304e-01
9.901333332061768022e-01
9.861333350340525383e-01
9.845999995867411592e-01
9.853999992211659453e-01
9.772666732470194351e-01
9.675999979178110388e-01
9.574666678905486839e-01
9.604666670163471975e-01
9.689333319664001909e-01
9.701333324114481682e-01
9.777333299318949900e-01
9.829999963442485056e-01
9.860666652520497788e-01
9.863333364327748765e-01
9.850666681925456247e-01
9.874000012874603049e-01
9.900000015894572236e-01
9.857333342234293472e-01
9.883333345254262658e-01
9.853999992211659453e-01
9.808666725953419929e-01
9.869333326816558394e-01
9.884000003337860552e-01
9.881999989350637170e-01
9.880666653315226533e-01
9.841999987761179680e-01
9.887999971707661651e-01
9.882000009218852021e-01
9.906000037988026419e-01
9.911333302656809563e-01
9.901333312193553171e-01
9.910000046094258330e-01
9.921333332856495657e-01
9.914666672547658433e-01
9.904666682084400930e-01
9.927333335081736099e-01
9.930666685104370117e-01
9.924000044663746634e-01
9.931333303451538308e-01
9.913999974727630837e-01
9.930666724840799819e-01
9.944666703542073272e-01
9.943333367506662634e-01
9.941333373387654104e-01
9.933333357175191392e-01
9.936666687329610559e-01
9.936000009377797815e-01
9.945333381493886016e-01
9.926666676998138206e-01
9.926000018914540313e-01
9.901333312193553171e-01
9.859999954700470193e-01
9.893333276112874497e-01
9.869333346684773245e-01
9.906666676203409461e-01
9.916666726271311516e-01
9.891999999682108413e-01
9.872666637102762710e-01
9.892666618029276604e-01
9.884000003337860552e-01
9.883333325386047807e-01
9.886666655540465865e-01
9.903333326180775442e-01
9.885333299636840376e-01
9.891333321730295669e-01
9.902666687965393510e-01
9.799333353837330618e-01
9.747333347797393355e-01
9.748000065485636911e-01
9.656666656335194387e-01
9.303333282470702681e-01
9.298666636149088838e-01
9.325999995072682403e-01
9.196666697661082246e-01
9.436666647593180413e-01
9.559333304564158196e-01
9.655333340167999712e-01
9.678666710853576216e-01
9.671999951203663626e-01
9.751333395640054968e-01
9.788000067075093291e-01
9.821999986966450935e-01
9.822666684786478530e-01
9.808666725953419929e-01
9.838000078996022024e-01
9.861333350340525383e-01
9.879999955495198938e-01
9.881333271662394724e-01
9.883999963601429739e-01
9.920666635036468062e-01
9.923333346843719038e-01
9.934000035127004136e-01
9.934666633605957475e-01
9.943333407243092337e-01
9.935333331425985071e-01
9.944666703542073272e-01
9.949333389600117927e-01
9.944666723410288123e-01
9.944000065326690230e-01
9.959333360195159468e-01
9.953333417574564690e-01
9.957333425680796601e-01
9.962666749954223189e-01
9.958000024159748831e-01
9.952000061670939202e-01
9.950000047683715820e-01
9.951333383719126457e-01
9.951333383719126457e-01
9.955333411693573220e-01
9.956666707992554155e-01
9.899333318074544641e-01
9.876666665077209473e-01
9.836666703224181685e-01
9.874000012874603049e-01
9.900666693846384980e-01
9.891999979813893562e-01
9.907333314418792503e-01
9.931333402792612564e-01
9.921333392461141321e-01
9.932000021139780754e-01
9.923333326975504187e-01
9.905333340167998823e-01
9.922666668891906294e-01
9.924666663010914824e-01
9.920000056425730683e-01
9.874000032742817901e-01
9.877999981244405259e-01
9.914000014464060540e-01
9.940666675567626509e-01
9.921333332856495657e-01
9.925333340962727569e-01
9.913333356380462646e-01
9.924666663010914824e-01
9.942000051339466848e-01
9.948000093301136992e-01
9.932000060876210457e-01
9.897333383560180664e-01
9.916666646798452112e-01
9.928666710853576438e-01
9.937999983628590384e-01
9.939333438873291238e-01
9.948666691780090332e-01
9.962666710217793486e-01
9.962666730086008338e-01
9.956666707992554155e-01
9.967333416144052993e-01
9.966666837533314505e-01
9.970666706562042458e-01
9.976666748523712602e-01
9.968666791915893333e-01
9.951333403587341309e-01
9.871333320935566924e-01
9.839333355426788108e-01
9.863333344459533913e-01
9.891333281993865967e-01
9.904000063737233850e-01
9.902000010013580766e-01
9.901999990145365915e-01
9.917999982833862749e-01
9.769333302974700928e-01
9.640666683514912405e-01
9.724666714668274148e-01
9.776000003019968965e-01
9.795333325862884966e-01
9.755333344141642327e-01
9.793333411216735840e-01
9.846666693687439187e-01
9.869999984900156287e-01
9.876666645208994622e-01
9.892666717370350860e-01
9.928000032901763694e-01
9.894666671752929688e-01
9.863333384195963616e-01
9.841333329677581787e-01
9.844666620095571252e-01
9.842000007629394531e-01
9.828666687011718972e-01
9.880666653315226533e-01
9.778666675090790239e-01
9.746666649977365759e-01
9.645333270231882805e-01
9.748000025749206099e-01
9.820666631062825447e-01
9.863999942938487253e-01
9.895333369572957283e-01
9.904666721820831743e-01
9.908000012238820098e-01
9.929333349068959480e-01
9.905333280563354270e-01
9.901999990145365915e-01
9.934000054995218987e-01
9.938666701316833940e-01
9.900666614373524466e-01
9.873333315054575454e-01
9.864000002543131806e-01
9.894000033537546646e-01
9.918666660785675493e-01
9.930666704972584968e-01
9.939333419005076387e-01
9.940000077088674280e-01
9.924666663010914824e-01
9.929999987284342522e-01
9.933999975522359582e-01
9.948000033696492439e-01
9.946000059445698760e-01
9.957333326339721236e-01
9.962666730086008338e-01
9.964666744073231719e-01
9.959333399931590280e-01
9.938666681448619089e-01
9.953333397706349839e-01
9.953333397706349839e-01
9.954000095526377434e-01
9.924666722615559378e-01
9.942666729291279593e-01
9.956666787465413559e-01
9.929999967416127671e-01
9.937333385149638154e-01
9.938000082969665749e-01
9.928000013033548843e-01
9.829333345095316865e-01
9.812666734059651841e-01
9.863333324591319062e-01
9.887333333492278609e-01
9.908666610717773438e-01
9.932666679223378647e-01
9.922000010808308401e-01
9.924000004927316931e-01
9.943333347638447783e-01
9.939333359400431833e-01
9.942666709423064741e-01
9.932666699091593498e-01
9.926000018914540313e-01
9.930000027020772224e-01
9.921333332856495657e-01
9.908000032107034949e-01
9.897333264350891557e-01
9.936666647593180857e-01
9.934666673342387178e-01
9.931333323319753159e-01
9.952666719754537095e-01
9.886666735013326379e-01
9.780000070730845430e-01
9.743333319822947702e-01
9.656666656335194387e-01
9.685333331425984849e-01
9.783333361148833784e-01
9.801333387692768850e-01
9.803333322207132827e-01
9.854000012079874304e-01
9.781333367029826364e-01
9.854666670163472197e-01
9.879999955495198938e-01
9.898666679859161599e-01
9.932666679223378647e-01
9.940000057220459428e-01
9.932666699091593498e-01
9.906000037988026419e-01
9.903333326180775442e-01
9.883999983469645700e-01
9.858666658401489258e-01
9.889333307743072288e-01
9.897999982039134004e-01
9.919999957084655318e-01
9.912000040213266860e-01
9.746000051498413530e-01
9.739333331584930642e-01
9.810666660467783906e-01
9.844666679700215806e-01
9.831333339214325395e-01
9.868666628996530799e-01
9.926666676998138206e-01
9.928666710853576438e-01
9.956000049908956262e-01
9.944000005722045676e-01
9.947333415349324248e-01
9.968666772047678482e-01
9.969333430131276375e-01
9.956666767597198708e-01
9.966666758060455100e-01
9.970666766166687012e-01
9.946666697661081802e-01
9.932000001271565903e-01
9.914666712284088135e-01
9.892000059286752967e-01
9.916666646798452112e-01
9.922000010808308401e-01
9.924000004927316931e-01
9.940666735172272173e-01
9.962666730086008338e-01
9.960666795571645471e-01
9.961333394050597700e-01
9.963333388169606231e-01
9.962000052134195593e-01
9.972000082333882798e-01
9.942000071207682810e-01
9.936000009377797815e-01
9.873333334922790305e-01
9.865333358446757295e-01
9.577999989191691155e-01
9.523333410422006873e-01
9.677333335081735877e-01
9.786666711171467803e-01
9.864000022411346658e-01
9.878000060717264663e-01
9.892666677633921157e-01
9.657999992370605025e-01
9.709999998410542288e-01
9.783999979496001975e-01
9.840000033378600852e-01
9.875333329041798835e-01
9.843999981880188210e-01
9.858000040054321067e-01
9.892666657765706306e-01
9.932000041007995605e-01
9.958666721979777536e-01
9.944666663805643569e-01
9.946666697661081802e-01
9.958666761716207239e-01
9.955333391825358369e-01
9.962000032265980742e-01
9.978666762510935984e-01
9.975333452224731667e-01
9.980000078678130659e-01
9.980000078678130659e-01
9.982000052928924339e-01
9.980000118414561472e-01
9.985333422819773208e-01
9.980000058809915808e-01
9.972000082333882798e-01
9.937333365281423303e-01
9.908666690190632842e-01
9.937333365281423303e-01
9.950000067551930671e-01
9.964000105857848677e-01
9.974666734536489221e-01
9.974000116189321030e-01
9.984000146389007124e-01
9.978000084559123239e-01
9.965333441893259314e-01
9.978000084559123239e-01
9.976666748523712602e-01
9.978666782379150835e-01
9.986000080903371101e-01
9.990666747093200906e-01
9.986666778723398696e-01
9.987333456675211441e-01
9.992666741212209436e-01
9.978000124295552942e-01
9.984666744867960464e-01
9.987333436806996589e-01
9.982000072797139190e-01
9.984000086784362571e-01
9.894666711489359390e-01
9.811333338419596650e-01
9.718666712443033706e-01
9.742666681607564660e-01
9.790000041325886970e-01
9.796666642030079641e-01
9.803333401679992232e-01
9.858666658401489258e-01
9.907333393891651907e-01
9.913333276907603242e-01
9.944666703542073272e-01
9.943333407243092337e-01
9.939333359400431833e-01
9.955333391825358369e-01
9.964000105857848677e-01
9.966000080108642356e-01
9.970666746298472161e-01
9.983333428700764678e-01
9.961333413918812552e-01
9.974000056584676477e-01
9.968666712443033928e-01
9.976666748523712602e-01
9.980000078678130659e-01
9.954666654268901071e-01
9.922000030676524363e-01
9.946000019709269058e-01
9.956666668256123343e-01
9.976000110308329560e-01
9.971333404382070054e-01
9.944666743278502974e-01
9.943333407243092337e-01
9.919999957084655318e-01
9.882666687170664765e-01
9.804000000158945571e-01
9.815333366394043413e-01
9.836666683355966834e-01
9.826000014940897698e-01
9.852666656176248816e-01
9.907333354155222205e-01
9.918666680653890344e-01
9.910666664441426521e-01
9.932666679223378647e-01
9.952000061670939202e-01
9.953333397706349839e-01
9.940666675567626509e-01
9.948666671911875481e-01
9.951333324114481904e-01
9.920666654904682913e-01
9.899333357810974343e-01
9.872666676839192412e-01
9.864000042279561509e-01
9.889333327611287139e-01
9.911333342393239265e-01
9.909333348274230735e-01
9.884666701157888147e-01
9.872666656970977561e-01
9.906666636466979758e-01
9.925999999046325462e-01
9.948666731516520034e-01
9.960666716098784956e-01
9.972000042597453096e-01
9.980000098546345511e-01
9.982666711012522232e-01
9.984000086784362571e-01
9.987333397070566887e-01
9.987333436806996589e-01
9.867333332697550974e-01
9.870666662851969031e-01
9.890666643778482925e-01
9.895333329836527581e-01
9.886000057061513635e-01
9.571999986966450713e-01
9.387999951839447466e-01
9.457333306471507051e-01
9.595999975999196518e-01
9.602666676044464555e-01
9.666000008583068848e-01
9.744666695594788042e-01
9.769333302974700928e-01
9.774666686852773179e-01
9.783333321412404082e-01
9.708666702111562463e-01
9.797333319981892386e-01
9.849333385626475312e-01
9.876666665077209473e-01
9.837999979654947769e-01
9.892000019550323264e-01
9.750666717688242224e-01
9.781333386898041216e-01
9.865333338578542444e-01
9.884666681289673296e-01
9.905333360036213675e-01
9.938666661580403128e-01
9.934666653474172326e-01
