1.570523120462894578e-02
1.421905029565095901e-02
1.258229638139406886e-02
1.119716729347904581e-02
1.008593036482731582e-02
9.407016200323898777e-03
8.619627930844824329e-03
8.129442048569520546e-03
7.767633441835642208e-03
7.782936329022049904e-03
7.012360139439502947e-03
7.004554041971763380e-03
6.618835637345910419e-03
6.627030981083710699e-03
6.353866696978609056e-03
6.151439265037575953e-03
6.107832879448930018e-03
6.175990263000130480e-03
5.976032915835579294e-03
5.688820034265518188e-03
5.590135107437769167e-03
5.357531333963076389e-03
5.466882170488436901e-03
5.215022208479543238e-03
5.048836550364891804e-03
4.936884778241316767e-03
4.976069477076332064e-03
4.695572207371393782e-03
4.738728608936071049e-03
4.808878145801524437e-03
4.767918904932836460e-03
4.633042953598002188e-03
4.570895743866761757e-03
4.580301465466618538e-03
4.319578634264568083e-03
4.297913797199725931e-03
4.222512617707252849e-03
4.302951002803941279e-03
4.231501688870291031e-03
4.154658527113497257e-03
4.115022098024685888e-03
4.039031166272858547e-03
4.012674737411240505e-03
3.867306994895140272e-03
3.996309606979290587e-03
3.946976223960519010e-03
3.796910083231826508e-03
3.799349240337808725e-03
3.799327036055425919e-03
3.923283323335150820e-03
3.701404295861721126e-03
3.678436313445369258e-03
3.597295098006725485e-03
3.618913074024021799e-03
3.578478183286885623e-03
3.523680272822578719e-03
3.449230842913190379e-03
3.406325370694200140e-03
3.544577909633517092e-03
3.585605175855259130e-03
3.353821944134930712e-03
3.443054086528718298e-03
3.309551222870747451e-03
3.318846823337177378e-03
3.291469338970879569e-03
3.164095377239088073e-03
3.173071580628553882e-03
3.230609302408993418e-03
3.148737262624005419e-03
3.199378269103666118e-03
3.161132941022515210e-03
3.138632435972491756e-03
3.136184640849630067e-03
3.094281772306810025e-03
3.075369113745788936e-03
3.142162117486198714e-03
2.938359587763746724e-03
3.005775638545552832e-03
3.065272269304841844e-03
3.114277124404907313e-03
2.994195674546062946e-03
3.034044173546135426e-03
2.992910395065943602e-03
3.001115641867121032e-03
3.062463908766706929e-03
2.988795711038013444e-03
2.809602984537681002e-03
2.839399536605924455e-03
2.786064260484029734e-03
2.831325128984948144e-03
2.881336452749868379e-03
2.909726207144558516e-03
2.765688272969176430e-03
2.841523794146875743e-03
2.840225192873428207e-03
2.893844844462970922e-03
2.959588853021462903e-03
2.747769614992042267e-03
2.716051174017290303e-03
2.773063785086075667e-03
2.773334536080558979e-03
2.998660621233284647e-03
2.907042733083168694e-03
2.729158693303664670e-03
2.713511247808734518e-03
2.741377498023211783e-03
2.652057566835234765e-03
2.514763133755574479e-03
2.653853339143097574e-03
2.530557324644177979e-03
2.759071788750588807e-03
2.727871776248017889e-03
2.577669320938487905e-03
2.656385578059901852e-03
2.510363845309863604e-03
2.516473818104714155e-03
2.484981704037636605e-03
2.525170547111580625e-03
2.478661516215652314e-03
2.479477789408217076e-03
2.663337043486535549e-03
2.565544963969538638e-03
2.776571914243201357e-03
2.575672138482332143e-03
2.570073597598821098e-03
2.753132577830304586e-03
2.668145857751369303e-03
2.676527617344012008e-03
2.540352909515301242e-03
2.546252888472129786e-03
2.468315034639090213e-03
2.629996684845536947e-03
2.501485197960088766e-03
2.436600796257455941e-03
2.372610894963145083e-03
2.364553235626468998e-03
2.380512891492496137e-03
2.402643164775023800e-03
2.525630992992470864e-03
2.525487666328748125e-03
2.733425054854402968e-03
2.515363487570235982e-03
2.344321936834603722e-03
2.349617433113356402e-03
2.314212689331422192e-03
2.211218688171356743e-03
2.316613817432274566e-03
2.275939200383921522e-03
2.324257325381040400e-03
2.309782255906611681e-03
2.240769382721434066e-03
2.282689465209841641e-03
2.258327494685848352e-03
2.140693343244493094e-03
2.285581411949048295e-03
2.265252366972466454e-03
2.126945613417774352e-03
2.265738350494454420e-03
2.189155303252240080e-03
2.126388352674742598e-03
2.171123831067234191e-03
2.053000471399476015e-03
2.190163855751355373e-03
2.154877013526857073e-03
2.389061936022092783e-03
2.297741333798815691e-03
2.276804825911919478e-03
2.302929565000037208e-03
2.023141749668866483e-03
2.050936396699398756e-03
2.123538265004754153e-03
2.162179032651086446e-03
2.074111334513872775e-03
2.121128153521567757e-03
2.144122996833175507e-03
2.159206627402454528e-03
2.084489089126388261e-03
2.071156418727090106e-03
2.043174618544677749e-03
2.039621937243888978e-03
1.973412678732226148e-03
2.173991338349878615e-03
2.143470981779198054e-03
2.086726572209348166e-03
2.060997482233991197e-03
2.064608239258329189e-03
2.044912330651035056e-03
1.949269697070121678e-03
2.056345615225533500e-03
2.071642914476493937e-03
2.070672876046349576e-03
2.100088583150257638e-03
2.139386080671101809e-03
2.053221400516728763e-03
1.975628822886695522e-03
2.004927462742974245e-03
1.935862625638643973e-03
1.984007159868876255e-03
1.964352935707817591e-03
1.958997458374748830e-03
1.999108877498656511e-03
2.145981982660790342e-03
1.963624195195734327e-03
1.926399367706229260e-03
2.032775850966572935e-03
1.957238488830626184e-03
1.869914168491959615e-03
1.965975939917067802e-03
1.873719172241787058e-03
1.991153337682286927e-03
2.085400962581237215e-03
2.056395126661906582e-03
1.972397781598071286e-03
1.980701550686110937e-03
1.983238096969823245e-03
1.907676528207957701e-03
1.903676699536542170e-03
1.884312330124278791e-03
1.960115231728802067e-03
1.917688544684400089e-03
1.911291324843963002e-03
1.987641409505158576e-03
2.037314476910978729e-03
2.062261174432933504e-03
1.878084777854383035e-03
2.012718643527477980e-03
1.945640154493351705e-03
1.981235578811417226e-03
1.925778191071003589e-03
1.696930045727640347e-03
1.844142990497251279e-03
1.858194964006543073e-03
1.806892345969875625e-03
1.807007732956359683e-03
1.785927347373217301e-03
1.841531073053677891e-03
1.854670915054157333e-03
1.859457220416516109e-03
1.791740876312057206e-03
1.876911920650551659e-03
1.905600955554594567e-03
1.805549002407739632e-03
1.851559022907167716e-03
1.821914062990496498e-03
1.816392228162537047e-03
1.838745260223125519e-03
1.910639604708800612e-03
1.778943834748740026e-03
1.792899266971896121e-03
1.982278415622810552e-03
1.867114306272318067e-03
1.982786157168447798e-03
1.754974401167904308e-03
1.849486527498811570e-03
1.806801417842507362e-03
1.671230092567081282e-03
1.703730023776491498e-03
1.599939276153842507e-03
1.660693836553643176e-03
1.702520916781698635e-03
1.731670931136856462e-03
1.809093185390035254e-03
1.772802676229427244e-03
1.613872009329497814e-03
1.686768295864264243e-03
1.763282898658265771e-03
1.688496714147428744e-03
1.666644564829766837e-03
1.791055056188876416e-03
1.740000785018006989e-03
1.775955208965266817e-03
1.701995289962117885e-03
1.645626593381166545e-03
1.611878579327215722e-03
1.667305004472533891e-03
1.659650706763689818e-03
1.607040657351414305e-03
1.688290538731962529e-03
1.714508933946490244e-03
2.069897631493707382e-03
1.822799933142959985e-03
1.714205854417135246e-03
1.709154686735322093e-03
1.713225136821468729e-03
1.683591345014671470e-03
1.640910057661433986e-03
1.701216203703855403e-03
1.626480867465337219e-03
1.712014642544090835e-03
1.644743061236416271e-03
1.608118868898600383e-03
1.552011313227315671e-03
1.549448030224690733e-03
1.618046162184327754e-03
1.600721416374047698e-03
1.666467076089854071e-03
1.687252063614626783e-03
1.709582286033158602e-03
1.649976704114427184e-03
1.583488176887234110e-03
1.571866342176993659e-03
1.503470640939970826e-03
1.489934949980427923e-03
1.580328226555138783e-03
1.581432943930849520e-03
1.598179086189096144e-03
1.664669982468088569e-03
1.502316090045496735e-03
1.474487077211961237e-03
1.513363168730090004e-03
1.563825477690746358e-03
1.566371003476281975e-03
1.612760925975938696e-03
1.506133216510837248e-03
1.595771945236871582e-03
1.511703703242043683e-03
1.425382095233847712e-03
1.616435094426075516e-03
1.678949809866026131e-03
1.736113603692501870e-03
1.544350447754065268e-03
1.711624278686940627e-03
1.709244557423517021e-03
1.682310272008180532e-03
1.731810835190117446e-03
1.789711361440519477e-03
1.609815699824442437e-03
1.634257915429770903e-03
1.694840258763482188e-03
1.756311960828801054e-03
1.541177165927365509e-03
1.651849423069506884e-03
1.654628270383303422e-03
1.602254637206594135e-03
1.577229306955511444e-03
1.535060522534573970e-03
1.470335056850065802e-03
1.469197469608237274e-03
1.469035312766209245e-03
1.511877930412689830e-03
1.535572895469764767e-03
1.533693998741606813e-03
1.479526413216566104e-03
1.406079259080191511e-03
1.404754004518812003e-03
1.446466380730271296e-03
1.355137505258123065e-03
1.456598378717899409e-03
1.520252448972314553e-03
1.417515048524364916e-03
1.482457213569432497e-03
1.477643379863972364e-03
1.457782664025823174e-03
1.448576334708680724e-03
1.399626493609199907e-03
1.520283834543079051e-03
1.336603371116022254e-03
1.358586406180014271e-03
1.394830766366794792e-03
1.401923946104943752e-03
1.468866382492706223e-03
1.477228613415112026e-03
1.409287296701222571e-03
1.306018539859602921e-03
1.469082668578873064e-03
1.414156136646245931e-03
1.431231216217080738e-03
1.511954813031479630e-03
1.460942214665313533e-03
1.436685446727400126e-03
1.376643221980581580e-03
1.508320208328465650e-03
1.430615045440693624e-03
1.437663294685383565e-03
1.362025019867966645e-03
1.454392628511414019e-03
1.420178227514649503e-03
1.333385698186854550e-03
1.328176232830931757e-03
1.325475700044383576e-03
1.292534442230438164e-03
1.386073965113609942e-03
1.347051576400796601e-03
1.295962215711673029e-03
1.378137536812573758e-03
1.453288359334692272e-03
1.367864701508854797e-03
1.287022267933934884e-03
1.318614691263064655e-03
1.213728933362290307e-03
1.349097096438830069e-03
1.264379747832814925e-03
1.350144754784802538e-03
1.375702006043866277e-03
1.316315911632652156e-03
1.356624751739824754e-03
1.455222700800125769e-03
1.488967971332992015e-03
1.338976388797163920e-03
1.401621112988020012e-03
1.386384567013010383e-03
1.472288533113896760e-03
1.441610294083754164e-03
1.447527374451359128e-03
1.450338602686921654e-03
1.332283563291033037e-03
1.380734110716730269e-03
1.384994267330815322e-03
1.338960397212455569e-03
1.480090063220510952e-03
1.597709728715320399e-03
1.384242575538034269e-03
1.557120154999817397e-03
1.651660969946533355e-03
1.497106591705232772e-03
1.399084782072653474e-03
1.389196986565366387e-03
1.291047341267888759e-03
1.252897784191494288e-03
1.311448678219070095e-03
1.295058594162886399e-03
1.232196262571960774e-03
1.242450056209539388e-03
1.271146394234771472e-03
1.227018060550714475e-03
1.303484849631786303e-03
1.254675143475954659e-03
1.275734050432220188e-03
1.256711736399059552e-03
1.256291620666161136e-03
1.273236557608470321e-03
1.192589802667498632e-03
1.261350378626957536e-03
1.253318726473177415e-03
1.267684026000400442e-03
1.274204849808787277e-03
1.343871369802703388e-03
1.392011488011727673e-03
1.229636970674619122e-03
1.205255441406431283e-03
1.352002058411017060e-03
1.308575912844389677e-03
1.404541435961921981e-03
1.298838153403873230e-03
1.284649591737737273e-03
1.305729470914229751e-03
1.306496599378685229e-03
1.249107318775107391e-03
1.850564560542503978e-03
1.894530250380436608e-03
1.767115667462348938e-03
1.681846807089944652e-03
1.636988514413436355e-03
1.466665446059778333e-03
1.484450073136637594e-03
1.401616745473196037e-03
1.463271766745795907e-03
1.325310921917358976e-03
1.422405669776101835e-03
1.315365256353591980e-03
1.400491994960854393e-03
1.312086304339269783e-03
1.402436941862106280e-03
1.379402453312650280e-03
1.209341107945268454e-03
1.148428719413156383e-03
1.175527474454914588e-03
1.155924022896215320e-03
1.205653732176870021e-03
1.206274014354372960e-03
1.111771090654656204e-03
1.230288145598024043e-03
1.282278886840989294e-03
1.229613592537740939e-03
1.166346235550008714e-03
1.134725662025933479e-03
1.042192594225828861e-03
1.279516836317877004e-03
1.138178847031667785e-03
1.135035615880042228e-03
1.178666458387548710e-03
1.226189914935578830e-03
1.185627838519091480e-03
1.165096789676075195e-03
1.164036851453905232e-03
1.154749466028685313e-03
1.226693063896770308e-03
1.168104214593768207e-03
1.145179733672800106e-03
1.109001271349067431e-03
1.075864486241092256e-03
1.063561531676289994e-03
1.048267194225142342e-03
1.102079596603289290e-03
1.066236390033736782e-03
1.183820605122794679e-03
1.141497690696269274e-03
1.102051092311740008e-03
1.041955765685997903e-03
1.035036228131502867e-03
1.031812344444915739e-03
1.012141437968239188e-03
1.114701167292272109e-03
1.383604252866158868e-03
1.744007586967199997e-03
1.539527465744564829e-03
1.446919247973710212e-03
1.312974621153747100e-03
1.302064571063965559e-03
1.213840845351417874e-03
1.173207670217379971e-03
1.068492864336197546e-03
1.177018040713543592e-03
1.162014185683801727e-03
1.173923416839291710e-03
1.168472958185399558e-03
1.298093836521729870e-03
1.297393776864434311e-03
1.105599307144681511e-03
1.137817150447517677e-03
1.103589499446873921e-03
1.225987798534333706e-03
1.169596864686657956e-03
1.269107558376466162e-03
1.208783210798477148e-03
1.150521787349134727e-03
1.177286354747290398e-03
1.076300027004132740e-03
1.120995749564220436e-03
1.165830526345719908e-03
1.153294264804571954e-03
1.043193744650731470e-03
1.186947867972776380e-03
1.137132802978158040e-03
1.228043295365447872e-03
1.071906714544941953e-03
1.019990754624207872e-03
1.010850718012079683e-03
1.119662378914654212e-03
1.019725682757173903e-03
1.018302569476266716e-03
1.097214152105152694e-03
1.013139315182343039e-03
9.881488222163170576e-04
9.550776371421913595e-04
1.057280686412317029e-03
1.127513915222759034e-03
1.140605766947070786e-03
1.106568584994723501e-03
1.078609105510016210e-03
1.007169062116493839e-03
1.036057686239170474e-03
1.038276920250306599e-03
9.858661234223595280e-04
1.065878199491029086e-03
9.886455450517435579e-04
1.080486816742147081e-03
9.885633383722354246e-04
1.081149150074149070e-03
1.077005363185890019e-03
1.115906042590116389e-03
1.093256433766024750e-03
1.069463263653839527e-03
1.107085476784656517e-03
1.201578842786451108e-03
1.164270504765833316e-03
1.118407481893276233e-03
1.056853022115926020e-03
1.015029556583613157e-03
9.504327763958524177e-04
9.877895373695841450e-04
9.853309330840906519e-04
1.003480233096828034e-03
1.038452934396142746e-03
1.044238475151359948e-03
1.032527392574896516e-03
9.649200461960086858e-04
9.447040967643261389e-04
1.052885223180055532e-03
9.676358759558449695e-04
1.044399363066380237e-03
1.013375638285651716e-03
1.148540482002620954e-03
1.171020796755328861e-03
1.296739606186747594e-03
1.325545849977061196e-03
1.161514131429915555e-03
1.061761242453940213e-03
1.035192752412209894e-03
1.022156611240158507e-03
1.109651053169121359e-03
1.202800185031567938e-03
1.071819690211365606e-03
1.167435408569872466e-03
1.211106453168516372e-03
1.030393592858066133e-03
1.095789742733662342e-03
1.087828803186615409e-03
1.084013950700561234e-03
1.194066170137375680e-03
1.130434919226293864e-03
1.258424267871305390e-03
1.121425126135970054e-03
1.050901931012049274e-03
1.036109166064610098e-03
9.266965091228485541e-04
1.062234211713075681e-03
1.112451221949110327e-03
1.267800311325117946e-03
1.022211877473940380e-03
1.026385556906461802e-03
9.734214244720835974e-04
1.102793490281328472e-03
9.989075479097664356e-04
1.059269780913988691e-03
1.066187491718058756e-03
1.019092977124576868e-03
1.010848834024121422e-03
9.260129125323146148e-04
1.045291800983250054e-03
1.126436482688101702e-03
9.717608045320957899e-04
9.455377362125243039e-04
9.360037724642704220e-04
9.654427218871811664e-04
1.022469690845658483e-03
8.972779013371716015e-04
1.010271666261057045e-03
9.925903005447858987e-04
8.978078840300440788e-04
8.584663562942295833e-04
9.674771747086197572e-04
1.007288873855334945e-03
1.005099334482413955e-03
9.929476897620286274e-04
9.849847624233613701e-04
9.210546306955317512e-04
9.587419005886962161e-04
8.847431008083124450e-04
8.868580810182417288e-04
8.764870843151583834e-04
8.836701939192911351e-04
8.864723883258799350e-04
1.007136469706893011e-03
8.565397612983361320e-04
9.045595012139529207e-04
8.485169392467166493e-04
8.497446940358107433e-04
8.490483179533233173e-04
8.169967972207814238e-04
8.976080280262976885e-04
9.633270732592791102e-04
8.875569871937235341e-04
8.169956427688400457e-04
8.197691466193645759e-04
9.181581980859239390e-04
8.800521056400612430e-04
1.077875808308211437e-03
1.027780245446289651e-03
8.721829285301889272e-04
9.933337016263977127e-04
8.894975103127459974e-04
8.653321245219558044e-04
9.000259946333244226e-04
8.995988066696251288e-04
8.712284237844869278e-04
8.285994389249632828e-04
8.707594223475704663e-04
8.961082057794556022e-04
9.629120303240294330e-04
8.793414075626060150e-04
9.693722347340857134e-04
9.401394238617891922e-04
8.793982764473184726e-04
9.211247049582501397e-04
9.885428415145724578e-04
9.647723908225695364e-04
1.008971685466046120e-03
1.040106862395380862e-03
9.617430478101596236e-04
9.930594416800886826e-04
1.192194989804799257e-03
1.594909963508447113e-03
1.315669472872590040e-03
1.218521558136368690e-03
1.204699012062822793e-03
1.139828097075224009e-03
9.678681730292737267e-04
9.331702012180660656e-04
1.056757356855086896e-03
1.040367851965129462e-03
9.807754569919780330e-04
9.335843807396789320e-04
8.756319895231475360e-04
8.368182287085800929e-04
8.990315759244064779e-04
8.188506248795117230e-04
7.941408509699007020e-04
7.877718793073048556e-04
8.714826486539095857e-04
8.272271516034379601e-04
7.710983792397503979e-04
8.074057269065330932e-04
7.620476351197188244e-04
8.257180772488937216e-04
8.061034391478945522e-04
9.445143533715357311e-04
1.016696816077455922e-03
9.359762111368278951e-04
8.079962494472662897e-04
7.536688858332733602e-04
8.372195676201954701e-04
8.333239985707526333e-04
7.847364681462447138e-04
7.643666981797044187e-04
8.463288046186790087e-04
7.836903183488175490e-04
7.704497751547023437e-04
7.804254535585641427e-04
7.322718864694858663e-04
8.458425678933659828e-04
8.433557455039893298e-04
1.064819792130341190e-03
1.051121994775409529e-03
8.745597452313329289e-04
8.820125910763939366e-04
8.022660244023427150e-04
7.177117358272273829e-04
8.844851293057824030e-04
8.004199878390257702e-04
8.669797622133046605e-04
7.616239745402708650e-04
7.874530060992886334e-04
8.053118634658555262e-04
7.763613713905215697e-04
7.604926271596923254e-04
7.682318532412561567e-04
7.885176736939077070e-04
8.184881027167042024e-04
8.154909407797580109e-04
7.709916176584859400e-04
7.851749774999916770e-04
8.963420405052602291e-04
8.160297623059401765e-04
8.013606401315579884e-04
7.953673892188816829e-04
7.374913819755117171e-04
8.166716579580679536e-04
8.139907353324815414e-04
7.509627786930650906e-04
7.070474462428440361e-04
7.312663879323129563e-04
7.403152970558343196e-04
6.999281070117528095e-04
7.724003779003396197e-04
7.063041373233621464e-04
7.452187055605463684e-04
6.726479827193543098e-04
6.563399821364631183e-04
9.110591025091707273e-04
9.482850058702751777e-04
8.290458950796164789e-04
8.398382046531575711e-04
9.330052998848259449e-04
8.699841428703318546e-04
8.266899162360156865e-04
7.670678353557983890e-04
7.222311930187667048e-04
7.390780063966910117e-04
7.473195456744482048e-04
7.313223410164937594e-04
7.422246359055862048e-04
7.492813592155773928e-04
7.500954224572826913e-04
8.489041909342631264e-04
1.122959503360713551e-03
1.342551889441286452e-03
1.243778322047243545e-03
1.268922555027529597e-03
1.115226227557286577e-03
9.823575227831801357e-04
1.066457695560529785e-03
1.003533516389628353e-03
1.022407872369512916e-03
8.946541832604756319e-04
8.917099359678104954e-04
8.669808555472021446e-04
8.627589345754434376e-04
7.351527514401823065e-04
8.536195828734587142e-04
8.523336437065154314e-04
8.234507957240566178e-04
7.170501378520081296e-04
7.252742963222165830e-04
7.048273900484976163e-04
6.501975304369504759e-04
6.726313430893544843e-04
6.702761636309636280e-04
7.961500698002055721e-04
8.302902240150918708e-04
7.497038129561891303e-04
7.403671309778777623e-04
7.690862112212926149e-04
7.954526382188002774e-04
7.230484780545036504e-04
6.725322930530334368e-04
6.407945504179224806e-04
7.248084468301386075e-04
8.050412211256722898e-04
7.227292400784790950e-04
6.536502400801206918e-04
7.465196652143883064e-04
6.649773626122623465e-04
6.541110158044224129e-04
6.261931712894390533e-04
6.850261212093755820e-04
6.716480866695444295e-04
7.009926669221992149e-04
6.735348860577990105e-04
6.641085909601921909e-04
6.815860057637715972e-04
6.228404886011655421e-04
6.812032001713911981e-04
6.175120186526327892e-04
7.348441053181886456e-04
6.419504129250223727e-04
6.422505054312447345e-04
7.997678670411308968e-04
8.452027376430730097e-04
7.791314322579031551e-04
7.179413844520846858e-04
6.716863630572333715e-04
5.773582389034952233e-04
6.022925314027816274e-04
7.304491028965761192e-04
7.495450525311752720e-04
7.943667219175646992e-04
7.769623790712406166e-04
6.767260221143563516e-04
5.721435091497066626e-04
6.483169670294349537e-04
7.903653424970495060e-04
7.902891898993402936e-04
7.232362559686104963e-04
7.287380984053015275e-04
6.073092779843136235e-04
8.243071807858844526e-04
8.156192033008361928e-04
1.026963218464516103e-03
8.806793824381505811e-04
9.881331633854037108e-04
9.522130111387620442e-04
9.045871479126314611e-04
7.638430484803393700e-04
7.894929265603422685e-04
8.353399146775094533e-04
7.216461119242012934e-04
6.226068464457057850e-04
6.251940823858604269e-04
7.044433684010679162e-04
1.030262321000918659e-03
9.199671456978345983e-04
8.456593107742568219e-04
8.448728680377825878e-04
8.167279331246391372e-04
7.921163215845202334e-04
8.218345077087482178e-04
7.557631664288541043e-04
9.482993928637976954e-04
1.218773541040718555e-03
1.058760643354617146e-03
9.872256894595920606e-04
8.181207328258702791e-04
8.385810409284507596e-04
8.785053292134155541e-04
7.022345166963835268e-04
7.446160966840882807e-04
7.206953994076078281e-04
7.262775858786577618e-04
6.372731673764065125e-04
6.103788929370542295e-04
7.178842017310671942e-04
7.025105626477549329e-04
7.080924105442439010e-04
7.116445931994046280e-04
7.325025721608350963e-04
7.359120684365431323e-04
6.469821300318774572e-04
6.366566075788189462e-04
7.901307796904196486e-04
8.986423529374102607e-04
8.228997205151245432e-04
7.052655098959803148e-04
6.080891713888073600e-04
6.081825568495939681e-04
6.560400885064155080e-04
1.061823288910090880e-03
1.060985172322640715e-03
1.061032795890544823e-03
9.346989235685516885e-04
9.136728166292111151e-04
8.820458392923076658e-04
9.208003291860222383e-04
8.126293677681435635e-04
7.166633615270257430e-04
7.790689570053170631e-04
8.377543019984538212e-04
8.122159527071441069e-04
6.936801005698119311e-04
7.495694362053957572e-04
7.734778366284445362e-04
8.526114038735006957e-04
8.248561401463424527e-04
8.162970712874084928e-04
6.959298004706700787e-04
6.623714910044024243e-04
5.985870297687749357e-04
5.185627072933129749e-04
6.577306793284757756e-04
6.919249242249255524e-04
6.968646378178770199e-04
6.572140807596345887e-04
5.590547700800622358e-04
5.397805463871919052e-04
5.605013934352125020e-04
5.597580985825819202e-04
5.532922722826090446e-04
5.406711289348702142e-04
5.467698909342288537e-04
5.539527725583562887e-04
6.125624951285620458e-04
6.444444603403099098e-04
5.469981037701169939e-04
5.523915392889951377e-04
6.090885571514566233e-04
5.294743110425770500e-04
4.895688849501311996e-04
5.471062613651156425e-04
5.353953786349544778e-04
5.523060118624319561e-04
5.589737547173474720e-04
6.148224046531443289e-04
5.392809279631667575e-04
5.356503902779270916e-04
5.556466431395772109e-04
5.551599465737429469e-04
7.638994730465735504e-04
9.524999108786384554e-04
8.263948645132283008e-04
1.259983126268101336e-03
1.620959833962842735e-03
1.307136668280387817e-03
1.153247896581888199e-03
1.084737722218657606e-03
9.546061822523673737e-04
1.011612766887992620e-03
9.216637855085234353e-04
9.650048625189811425e-04
8.640904522811373219e-04
8.453805819347811387e-04
7.853372400859371261e-04
7.468342072873686245e-04
6.721891200868413069e-04
7.162535466098536542e-04
6.443928437268671601e-04
6.236726282319674528e-04
5.626207072054967501e-04
5.125859878414000146e-04
5.545492390713964610e-04
4.908361404280488834e-04
5.332502381255229676e-04
5.285120869909103224e-04
6.247174635063857274e-04
5.586534990773846633e-04
5.596751531508440411e-04
6.310247956813933804e-04
5.639743447924653761e-04
4.969538747294185207e-04
5.082351335052710762e-04
5.114237477149193847e-04
4.466944674883658651e-04
4.925091013622780785e-04
5.394011444877832911e-04
5.024444345811692305e-04
4.334050366499771494e-04
4.892868324532173791e-04
4.766390139896732993e-04
3.949739172336800825e-04
4.795431804571611222e-04
4.809257166925817945e-04
4.841301507743385859e-04
5.019784361744920702e-04
5.049539312797908476e-04
4.721742108813486885e-04
4.902870821145673737e-04
4.222976494929753244e-04
4.246677048892403389e-04
4.084700834937393448e-04
5.744205390025551193e-04
7.698605089293172324e-04
8.315554693884526834e-04
7.085269656575595701e-04
6.653068858819703767e-04
6.483417557319626646e-04
6.817948912309171891e-04
6.534925778396427631e-04
6.621746991489393377e-04
7.305641416072224288e-04
6.443312469248970277e-04
6.984378492537264733e-04
7.173653842376855874e-04
6.983223802914533028e-04
6.902395951328798695e-04
7.062747065598765864e-04
6.944452713166052735e-04
7.536587523645721593e-04
7.085655767392987645e-04
6.331182938689986937e-04
5.931205829256214418e-04
6.264386650097245827e-04
5.931519219302572744e-04
5.855087384892006643e-04
4.958913125544010207e-04
4.408183871419168792e-04
4.842970607569441416e-04
4.851031243257845514e-04
5.469646809312204159e-04
4.608548319083638272e-04
5.000657867640257315e-04
4.738328687380999435e-04
4.556971121928654828e-04
4.486125428229570280e-04
5.009315694527080023e-04
5.740825319662690596e-04
6.802445209662740140e-04
7.541841555697222262e-04
6.254836169925207965e-04
6.928522653955345280e-04
7.007823354797437570e-04
7.821985884220339792e-04
7.188726265061025963e-04
7.428120792610570572e-04
6.840618870531518748e-04
6.919433319126256244e-04
6.170592653991965318e-04
5.583552037326928964e-04
6.137734492464611783e-04
5.795541811191166947e-04
5.364834859695595494e-04
5.914647073950618939e-04
5.163672060007229881e-04
4.908667537771786542e-04
4.655279039676921810e-04
4.955997297656722584e-04
4.634452561731450260e-04
5.166744473778331912e-04
4.472012476374705777e-04
4.590623585196832780e-04
3.969583165599033345e-04
4.816148051759227893e-04
4.154027973224098556e-04
4.825953704615433830e-04
4.782015719683840979e-04
5.838066446206842787e-04
5.181607712681095311e-04
5.427035798978370636e-04
5.674504485796205483e-04
5.464149949451287298e-04
6.386679044226184921e-04
5.913521240775783568e-04
5.870329754543490491e-04
5.416723982004138186e-04
4.983373585370524331e-04
4.998009181387412557e-04
4.422268776882750220e-04
4.827611010114196688e-04
4.935686966443124423e-04
4.786752746440470002e-04
5.143041057939020007e-04
4.903529435978271501e-04
4.832132612743104245e-04
7.260518725767421081e-04
5.576216819463298158e-04
5.186552700858252599e-04
7.048578176181763194e-04
9.498516931974639857e-04
9.017783915624022918e-04
1.078930665971711235e-03
1.094097417080774903e-03
8.814748997489611380e-04
8.670544217845114207e-04
7.131571347902839310e-04
6.171230745773451879e-04
7.587493872658039205e-04
8.034164774774883678e-04
8.159131975844502449e-04
6.901253257334853067e-04
5.859553241558993712e-04
6.436985112183416955e-04
5.634583862653623314e-04
5.021187389502301812e-04
5.674190096518334737e-04
5.615681235212832906e-04
6.022665203393747337e-04
5.842366721481084607e-04
5.696682526225534723e-04
5.162558705099702834e-04
7.359606863853211060e-04
6.890682823723181648e-04
6.129598982321719618e-04
6.091453639479974544e-04
6.621818397737418323e-04
7.191386209645619140e-04
6.156783133822803407e-04
5.952196108410135345e-04
5.420329316014733901e-04
5.601135004932681358e-04
5.552504609416549332e-04
5.255806968004132600e-04
4.695844841383708273e-04
5.759845148228730054e-04
5.621752221486531415e-04
5.109858000651001497e-04
4.494237371545750756e-04
4.817371193591194704e-04
4.803374885038162343e-04
4.438123830671732769e-04
4.550949078596507546e-04
4.348644797573797405e-04
4.310266779308828070e-04
5.318428942700847767e-04
4.567096679238602302e-04
4.606476126355118833e-04
4.945895173780930900e-04
4.418472007576686677e-04
3.649317644885740957e-04
3.888689929832859333e-04
4.461659644827401959e-04
4.060876572718067679e-04
3.832101945590693612e-04
4.510440165176987756e-04
4.620092079373231634e-04
4.377198633543836321e-04
6.095029767796707578e-04
6.521095870994031646e-04
4.879222872356573596e-04
5.466784838063176938e-04
5.140846595168113275e-04
5.197224687435664453e-04
4.467969178222119591e-04
4.803673393325880061e-04
4.066843425486391778e-04
4.102728858318490540e-04
3.606170694790004406e-04
3.168863655446330302e-04
3.311638567538466196e-04
3.787434058419118506e-04
4.169682661692301396e-04
3.349994348051647418e-04
3.960665305688356504e-04
4.017303411577207166e-04
4.627427302087502186e-04
3.797253831483734078e-04
3.575676896919807051e-04
4.632014829743032907e-04
5.107571026504350567e-04
4.387972432596143227e-04
4.291922702880886838e-04
7.271188156058390646e-04
8.095496974419802644e-04
7.667593842294687665e-04
7.465842315771927581e-04
7.596543369193871527e-04
6.660751154413446567e-04
1.091779068034763123e-03
1.213989529060199900e-03
1.175027127222468383e-03
9.757795215894778497e-04
7.394977398992826686e-04
7.804628849650423238e-04
7.493021451712896788e-04
7.733745742977286885e-04
7.000478421105071685e-04
7.099963811924680634e-04
6.955907243536785462e-04
6.652005724996949091e-04
6.516874083899893300e-04
5.722831032471731088e-04
5.010034733762343435e-04
4.645845518098212887e-04
4.398783261422067664e-04
4.554559520329348635e-04
4.119777472321099038e-04
5.381486400438007401e-04
5.079932137353656554e-04
4.932557189022190652e-04
4.270610739088927959e-04
4.813565455454712149e-04
4.721004792372695885e-04
