4.360753657917181697e-02
3.329463669409354204e-02
2.255653583755095823e-02
1.686981078237295012e-02
1.433514772603909117e-02
1.147387307137250935e-02
1.019940863673885617e-02
9.155053102100888310e-03
8.548874873667955399e-03
7.883036152149240638e-03
7.046852043519417387e-03
6.729185689861575358e-03
6.491009518504143108e-03
5.740083971371253389e-03
5.588260168830553980e-03
4.974064975976943623e-03
5.903497446949282877e-03
5.013696872629225601e-03
4.715907775486509294e-03
4.183312722792227774e-03
4.338808885465065407e-03
4.009186010807752783e-03
3.981700508544841997e-03
3.953833505511284221e-03
3.725419729016721335e-03
3.609158525553842530e-03
3.795184738313158498e-03
3.185771933446328048e-03
3.188524061503509623e-03
3.509195405058562756e-03
3.388777864165604028e-03
2.961127017624676054e-03
2.637197954269746968e-03
2.650586674765994296e-03
2.457546675577759656e-03
2.507446791666249463e-03
2.267368723793576363e-03
2.353259370041390231e-03
2.319084006982545087e-03
3.232829621993005276e-03
2.599959715735167091e-03
2.450820136194427953e-03
2.043705476292719501e-03
2.011204755399376241e-03
2.451480009282628724e-03
2.432150486856699163e-03
2.150441407381246690e-03
2.070300498356421846e-03
2.117828361224383289e-03
1.895506355989103574e-03
1.669320301152765664e-03
1.678537102028106577e-03
1.582044110788653323e-03
1.690780299638087580e-03
1.594776241108775095e-03
1.569251269878198804e-03
1.465329857698331219e-03
1.481645874446257992e-03
1.471349441756804799e-03
1.435180446909119613e-03
1.271156295357892940e-03
1.234434219077229413e-03
1.347253941154728232e-03
1.345880251998702757e-03
1.327189640142023477e-03
1.412820666640376109e-03
1.281441435761128921e-03
1.303946839955945781e-03
1.283570916469519351e-03
1.267418366235991377e-03
1.137836050475016236e-03
1.531934765322754809e-03
1.739028350372488286e-03
1.406777700564513633e-03
1.180335196355978590e-03
1.069325250379430823e-03
1.167978303662190733e-03
1.317882864774825571e-03
1.325430026433120070e-03
1.248743491790567763e-03
1.192398192749048172e-03
9.781589469639584422e-04
1.002931388211436613e-03
8.649534516735002615e-04
9.654150033990542166e-04
1.394173450535163283e-03
1.172863326307075661e-03
9.125188565424954259e-04
9.085086174309253259e-04
7.579492899822071411e-04
7.669029379030689814e-04
7.069159735692664547e-04
8.473756800716122353e-04
9.548248694045468948e-04
1.250983788243805296e-03
1.253054450110842885e-03
9.453759625709305496e-04
9.571183395261566133e-04
8.388403347150112264e-04
1.110954587541831094e-03
8.996517387762045011e-04
8.433767827227712111e-04
7.334554063466688142e-04
7.209800746447096557e-04
6.892919171756754391e-04
6.017249819706193886e-04
5.013924805098213039e-04
5.397439708758611232e-04
5.367417368688620193e-04
7.193022747136031082e-04
6.692364200716838457e-04
9.056959931816285000e-04
8.349487024437014749e-04
8.335550664924085140e-04
8.388293746975250976e-04
6.788303173379973011e-04
5.892856808107656665e-04
5.417985657307629278e-04
5.711126733028019974e-04
6.315888550792199798e-04
1.263832040907194188e-03
1.060454269948725870e-03
8.854773370937133684e-04
7.806778196633482828e-04
9.024252959837516077e-04
9.026076984203731165e-04
7.315700684557668431e-04
5.676799594463469937e-04
6.479685020167380355e-04
5.396365386938366303e-04
5.680271569872274995e-04
7.672518743978192770e-04
7.739194319583475373e-04
6.259353981780198424e-04
5.673175832877556772e-04
4.470311619418983911e-04
4.072757743415422954e-04
3.747345684435761663e-04
3.762883177842013646e-04
3.876006854018972819e-04
3.691040920481706623e-04
5.689964590904612830e-04
1.370667756418697536e-03
2.015525288879871195e-03
1.680945414894570835e-03
1.202406806987710210e-03
8.655972691485658071e-04
9.206110466038808010e-04
7.827442100582023173e-04
8.956967882113531449e-04
8.109485677171809122e-04
6.553687599080149084e-04
5.697119253454729698e-04
6.368020767695270479e-04
5.330984689256487155e-04
5.349413831330214432e-04
3.843844368626984529e-04
4.513450597490494269e-04
4.788480204297229431e-04
3.892082878640697576e-04
3.373305598264172088e-04
3.949876406598681108e-04
3.911539094891244069e-04
3.196911493432708085e-04
2.989678415663850732e-04
2.934299067419487766e-04
2.885887888623983599e-04
2.816452108769832655e-04
2.937170589575544217e-04
3.364014274363095526e-04
3.889874216838506873e-04
3.306126842896143776e-04
2.445006964990170781e-04
2.098494877524596401e-04
2.056393007175453755e-04
2.174462554345761242e-04
2.121201402284592921e-04
2.225827039486224070e-04
4.317334745185992810e-04
3.078736568568274596e-04
3.168014501776876264e-04
5.147219945987065561e-04
8.436308936021912107e-04
9.032631647035789697e-04
8.765680472909783034e-04
5.618848876717190237e-04
3.682477113519174610e-04
5.108312810383116567e-04
3.563445114802258782e-04
2.918567655190902892e-04
2.320900776491422791e-04
3.114132094196975340e-04
4.984936182154342749e-04
6.805764268695686748e-04
4.775378193395833138e-04
4.618266922382948227e-04
4.067307990529419270e-04
5.954310487140901604e-04
4.320355069163876022e-04
3.933691566392857105e-04
3.698729638320704554e-04
3.601425987047453758e-04
2.601949090603739023e-04
2.690998217682742167e-04
2.669537420539806034e-04
3.464956986135803380e-04
2.597673790054007888e-04
1.842020956246415153e-04
1.418244100326167766e-04
1.310743738486053243e-04
1.407508236601036692e-04
1.161437662934379945e-04
1.079280757949163644e-04
9.650686494448261477e-05
9.900881447417001770e-05
1.075469945014143882e-03
1.594457344617694703e-03
1.034160321190332474e-03
1.111519132973626299e-03
7.124219521453293517e-04
6.510665630533670097e-04
3.939840552144839190e-04
3.890220362033384397e-04
5.280619278588953190e-04
5.641412775730713985e-04
3.956062527625666347e-04
3.673589254807059891e-04
3.081547220669259902e-04
3.487755213427590098e-04
3.103683244262356528e-04
3.437488526590944831e-04
9.402162118931301155e-04
5.941071154666133442e-04
4.131768269871827432e-04
3.576626739231869687e-04
3.247719641270426449e-04
3.857600385041829892e-04
2.940411512099672217e-04
2.272101235575974096e-04
2.035006780109445748e-04
1.555202700425676818e-04
1.589170081388147191e-04
1.278213082211247245e-04
1.908714456173280947e-04
1.896589344444994999e-04
1.493612067558084734e-04
1.268725517244699173e-04
1.611213517511108143e-04
1.469846266142364245e-04
3.010290315918003772e-04
2.631347242640913464e-04
2.276335551869124283e-04
3.066910117922816642e-04
4.166665614926993392e-04
3.807312936866461667e-04
2.956281966059274842e-04
1.975387240236159414e-04
1.270726626898976866e-04
1.229106505131009333e-04
8.164184603932274635e-05
7.998292094271163845e-05
6.717719954091686820e-05
6.696454925076977544e-05
5.460321973866181513e-05
5.728875814838829819e-05
5.258728047010663567e-05
5.790158847200169856e-05
3.944296051940909955e-05
5.771147477844351941e-05
4.133885302053386384e-05
4.304285472092791027e-05
4.052234242711468128e-05
3.829439693466459704e-05
4.448194555758770290e-05
3.289899381494857804e-05
3.834050325508542030e-05
3.065468624754430629e-05
3.793169166404671553e-05
2.621605892727529863e-05
3.491108128628184204e-05
2.302199809112911232e-05
3.391604489593192100e-05
2.753709512338294651e-05
2.584245394435432248e-05
2.495013378241613472e-05
2.459571275418663200e-05
2.534563922722554640e-05
2.152701223963049483e-05
2.309045929867655295e-05
2.431330225363126509e-05
2.093149305816647613e-05
2.027616607923240152e-05
1.895699490243411484e-05
1.857056977883075888e-05
1.937976315010321932e-05
1.742437334068351054e-05
2.452796818867379253e-05
1.361859210457320550e-05
2.270603210187497681e-05
1.089001528384869777e-05
2.066899878722475994e-05
1.038958634467235276e-05
2.025273422721814639e-05
9.427285414176367678e-06
1.935883193387629429e-05
1.518246046240771322e-05
1.284621969356673291e-05
1.558652926405557218e-05
1.255936099558615066e-05
1.414569410182290736e-05
1.304224781127535023e-05
1.226420628483992948e-05
1.287170692118403819e-05
1.233743454633895419e-05
1.149190084201260758e-05
1.217879239921633924e-05
1.076168519015633823e-05
1.732326424530583608e-05
4.689513737806313446e-06
1.667042169231081197e-05
7.681879820609082915e-06
1.787368416898971123e-05
8.154038117709205564e-05
2.317656104423804209e-03
2.601055816436807170e-03
1.660418209697430304e-03
1.187343348283320579e-03
8.274641373039533405e-04
7.788636517943814614e-04
7.336459845343293882e-04
5.931751632791323328e-04
4.826387732464354377e-04
3.792315580843327091e-04
4.593678851961158108e-04
2.294464337561900489e-04
2.894982547635057139e-04
2.307149494299665039e-04
1.848597677962970811e-04
1.810236434418281302e-04
2.244594182532940461e-04
6.271951431699562384e-04
6.443457580947627985e-04
6.032973925660674698e-04
4.806606668959526821e-04
5.811780364941417044e-04
9.852283939835615890e-04
7.135661493521183512e-04
4.356310246900344852e-04
3.201818197339889702e-04
2.880163169417452435e-04
2.715458880629739507e-04
1.738441512619222698e-04
1.342231028502283261e-04
1.355335338606285744e-04
2.205982307107963783e-04
1.673531804044614654e-04
1.047773415848496424e-04
9.175481888329765359e-05
7.232812805189799956e-05
6.948292314821932205e-05
5.556690161180692498e-05
6.111632515057863744e-05
3.451619931714351865e-05
4.181565618637251007e-05
8.373747962195921533e-05
1.283879072464818140e-04
1.042573032160968720e-04
1.429603410694350375e-04
7.736437696621578381e-05
5.887701999540695397e-05
3.472198834515438377e-05
5.214116182135816036e-05
2.967744742742676401e-05
2.624264700064789585e-05
2.100257268769685910e-05
1.983156863237430442e-05
2.016970485764583502e-05
1.950658027756920282e-05
1.646226599897697079e-05
1.820827182541506772e-05
1.778197406281378722e-05
1.445845772612604602e-05
1.709686412046570043e-05
1.314716553224570816e-05
2.169299845699394148e-05
6.727290705536385737e-06
2.058442079449681326e-05
1.011799445223005091e-05
1.686547312260699847e-05
8.579934601016248052e-06
1.589578410469509245e-05
8.323743120778696192e-06
1.530772421650302212e-05
7.760900390015497768e-06
1.491360599506682123e-05
1.314915386861533405e-05
8.825958194809876617e-06
1.252299514078458708e-05
8.806002231646440503e-06
1.199476649465698980e-05
9.100719672971990803e-06
1.056527930434943558e-05
8.978016245464459305e-06
1.019263002177694943e-05
7.848049559318800295e-06
1.055620892410994786e-05
7.632854259516837903e-06
5.629656200151581804e-05
4.759212567781408772e-04
1.162670373256939225e-03
1.880238670855760488e-03
1.916856722285350222e-03
1.226319751003757032e-03
7.613059123589967182e-04
5.775367826572619379e-04
4.538592621126250949e-04
4.563582739744257983e-04
4.656116255015755549e-04
2.940671358373947333e-04
1.975490022232406773e-04
1.735444914023294763e-04
2.366317114744257929e-04
2.140157090858944291e-04
1.265285003531365195e-04
1.971981867124365459e-04
2.266571907663698590e-04
1.825303091209207304e-04
1.920890343171777312e-04
2.405782254451575505e-04
4.160793071302274718e-04
3.470932114093254082e-04
2.070843259086056428e-04
1.411873015361682696e-04
1.629637263098023317e-04
1.735281113724340576e-04
1.098328864524470788e-04
1.297521219839836649e-04
9.856693456337477222e-05
6.527760128847149277e-05
4.835359507069369875e-05
4.672978909638914182e-05
4.942588761878141532e-05
6.001644114803639105e-05
4.491443100960168386e-05
3.267640163358009615e-05
2.059263700289193434e-05
1.749096526092822835e-05
1.652759019066252222e-05
1.324882064087281283e-05
1.491310733475377898e-05
1.110281459280789348e-05
1.865719354820309029e-05
4.626405982814200438e-06
1.769818008673003926e-05
7.835559784060326332e-06
1.372167886965295796e-05
6.541382212314298369e-06
1.355415249975067059e-05
6.226283623315490542e-06
1.279381686363952437e-05
5.619770758850487974e-06
1.207070227972432478e-05
1.058239608084932149e-05
7.181402261361805908e-06
1.013842060710127729e-05
7.080078095593004417e-06
9.825010454278527272e-06
6.753442850045606594e-06
8.600692654662603714e-06
6.325373023704135639e-06
8.939597532275910685e-06
6.282719770448844809e-06
8.199570595953294477e-06
5.391581584982910880e-06
1.178136453650798395e-05
4.295634640527623899e-06
8.294646487646181032e-06
4.048851324019627798e-06
8.953826188928815100e-06
3.599858592432762444e-06
8.072040503748213037e-06
3.345563312488290458e-06
8.697005134668718223e-06
8.101899355968574318e-06
3.402792661214941185e-06
7.370175424388965968e-06
4.165725858721695129e-06
6.466622861485878296e-06
2.807716024477713375e-06
5.838645012327484648e-06
3.199237106817539190e-06
4.899359341692388286e-06
2.728788237978581852e-06
5.065191855872323665e-06
2.972500973896785496e-06
4.573850339539830942e-06
2.185231061228402617e-06
5.769325797307563864e-06
2.586702561302445416e-06
5.899768458069350366e-06
4.478969524749724748e-06
3.617441895566268626e-05
8.430580959611688524e-04
2.429122714481006182e-03
2.047982747899368579e-03
1.471473703471322912e-03
9.934699104633183155e-04
8.726891809298346512e-04
6.717096829864506414e-04
5.595206690486520746e-04
4.098265785917950426e-04
4.264540856335467421e-04
2.918336527121331175e-04
2.311634025318198837e-04
3.138279942504596074e-04
3.487168483843561479e-04
3.430299473014505104e-04
2.398531041156578224e-04
1.920284634252311716e-04
1.625511698875925558e-04
1.002509211142902675e-04
1.094753460771850484e-04
9.721858946249994644e-05
6.936444876070406158e-05
5.577408091994584538e-05
3.648122267350117773e-05
3.762305569807722214e-05
2.440891468040717814e-05
3.157830123351838272e-05
2.264168466960351581e-05
2.030518351716637107e-05
1.354199624946280308e-05
3.151199926681632344e-05
2.816998638763834470e-05
4.097104347238200988e-05
2.795964365797468866e-05
3.032920954713821046e-05
2.226375537096222167e-05
3.435112708416454552e-05
2.265063036096156074e-05
1.871166148437926956e-05
1.865170645392784929e-05
1.321038146594825484e-05
1.205036628751561951e-05
6.164401005056181951e-06
1.010006081685332834e-05
4.016381694782467093e-06
8.819172602632837499e-06
3.148921907817717976e-06
8.029861666140429216e-06
7.272884109473428019e-06
2.967904957055603983e-06
6.455786054715418115e-06
2.611469489958532629e-06
6.306701441379421360e-06
2.543873718252598422e-06
5.913390062062262587e-06
2.250119259864883683e-06
5.525687494175220668e-06
2.072736154445919796e-06
5.473365108343842051e-06
1.883845568310486267e-06
5.016464123386299265e-06
1.699678387486377180e-06
5.682221714427745060e-06
2.089369516037701667e-06
4.320274376823362788e-06
1.963226427648123718e-06
4.487583701973107964e-06
1.648803398287175971e-06
4.306004378188769277e-06
1.555888777697115582e-06
4.681171860217621564e-06
4.803762848600475610e-06
1.831657090652546093e-06
5.881476934159005776e-06
1.323548454953046023e-06
5.983201004274481441e-06
5.355426904429805460e-06
1.656760244259203427e-04
9.044849595132594235e-04
1.237350195879116654e-03
1.458778178008894068e-03
1.530718723855291818e-03
1.035773913220812805e-03
7.715993638460834532e-04
5.011006719238745959e-04
4.808570492362681192e-04
3.559887923377876733e-04
2.815356332575902126e-04
2.118637934472644756e-04
1.978852506302549330e-04
2.904873773635093361e-04
2.096726501198039325e-04
9.512405331406626190e-05
7.704553899354019424e-05
4.024855083268145397e-05
3.483420967995698312e-05
2.045562155312078691e-05
