1.839333326245347622e-01
3.956666648387908714e-01
5.201333373785018699e-01
6.033333341280618933e-01
6.495333313941955566e-01
6.774666587511698479e-01
7.046666681766510232e-01
7.330000042915344460e-01
7.326666653156280740e-01
7.480666637420654297e-01
7.637333333492278831e-01
7.574666659037272431e-01
7.795999983946482192e-01
7.873999993006388642e-01
7.879999975363413123e-01
7.934000015258788618e-01
8.039999961853027122e-01
7.973333338896433364e-01
8.070666670799255815e-01
8.157999992370605913e-01
8.169333338737487793e-01
8.198000013828277144e-01
8.281333347161611291e-01
8.330000023047129387e-01
8.326666653156280518e-01
8.435333311557769997e-01
8.359999954700469971e-01
8.439999997615814653e-01
8.529333293437957320e-01
8.458666662375132761e-01
8.498666624228159439e-01
8.575333336989084954e-01
8.545999983946482859e-01
8.545333286126454153e-01
8.627333402633666770e-01
8.640666683514912627e-01
8.644666632016499985e-01
8.633999963601429739e-01
8.627999981244405259e-01
8.664666712284088135e-01
8.668666640917460642e-01
8.664666632811228730e-01
8.695333381493886016e-01
8.757333278656005415e-01
8.726666688919066939e-01
8.756666640440623484e-01
8.771333356698354233e-01
8.759333372116089311e-01
8.793333351612091509e-01
8.803999960422516091e-01
8.849333365758259573e-01
8.829333364963531938e-01
8.841333289941152307e-01
8.804666717847188240e-01
8.818666676680246841e-01
8.824000000953674538e-01
8.819999972979227776e-01
8.822666704654693604e-01
8.850666701793670210e-01
8.927333354949951172e-01
8.898000021775563928e-01
8.953333397706350061e-01
8.940666715304056433e-01
8.917333344618479929e-01
8.953333338101704397e-01
8.937333345413207564e-01
8.937333345413207564e-01
8.915999968846638479e-01
9.004000047842661836e-01
8.913333396116892571e-01
8.973333358764647993e-01
9.007999996344248084e-01
8.994000017642974631e-01
9.036666631698608843e-01
8.979333321253458733e-01
9.006000002225239554e-01
8.942000031471252219e-01
8.998666683832804436e-01
8.902666707833607473e-01
8.987999975681304488e-01
8.997333327929178948e-01
8.907333354155222427e-01
8.990000029404957571e-01
9.024666666984557661e-01
8.980666736761728774e-01
9.015333354473114014e-01
9.064666648705800300e-01
9.040666659673054495e-01
9.095333337783813032e-01
9.092666645844776907e-01
9.006666660308837447e-01
9.066666702429453384e-01
9.063333332538604514e-01
9.121333360671997070e-01
9.124666670958201387e-01
9.018000046412150139e-01
9.099333345890044944e-01
9.137333333492279053e-01
9.106666704018910874e-01
9.128000020980835405e-01
9.155333340167999268e-01
9.134666661421457778e-01
9.156000057856241714e-01
9.192000011603037590e-01
9.177999973297119585e-01
9.162666658560435495e-01
9.168666660785674827e-01
9.121333301067352517e-01
9.125333309173584428e-01
9.176666696866353501e-01
9.164666632811228064e-01
9.207333326339721680e-01
9.161999960740406790e-01
9.139333347479502434e-01
9.189333339532216316e-01
9.164666593074798362e-01
9.145999987920124807e-01
9.200666666030883345e-01
9.128666679064433298e-01
9.197999974091847220e-01
9.205333371957142852e-01
9.186666647593180191e-01
9.216666678587596140e-01
9.221999982992807876e-01
9.230666637420654741e-01
9.220666666825612090e-01
9.220666686693826941e-01
9.257999976476033455e-01
9.251333355903625932e-01
9.244666695594787598e-01
9.280666649341583474e-01
9.265333294868469682e-01
9.266666650772095171e-01
9.289999882380167717e-01
9.238666633764902603e-01
9.249333361784617402e-01
9.267999986807505808e-01
9.226666649182637681e-01
9.245333313941955788e-01
9.286000013351440874e-01
9.297999997933705796e-01
9.280000030994415283e-01
9.289999941984812271e-01
9.297333300113678201e-01
9.287333269913990996e-01
9.256666660308837669e-01
9.329333285490671868e-01
9.315333306789398415e-01
9.311333298683166504e-01
9.347333391507466338e-01
9.288666625817616485e-01
9.294666647911071777e-01
9.239333291848500496e-01
9.237999995549519561e-01
9.294666647911071777e-01
9.295333325862884521e-01
9.338666697343190881e-01
9.356666624546050581e-01
9.359999954700469749e-01
9.367333332697550530e-01
9.349999964237213357e-01
9.340666631857553748e-01
9.345333278179168701e-01
9.347333272298177231e-01
9.314666608969370820e-01
9.311333278814951653e-01
9.296666642030080308e-01
9.327333311239878189e-01
9.342666645844777129e-01
9.323333342870075979e-01
9.322666645050048384e-01
9.363333284854888916e-01
9.376000006993611136e-01
9.370666623115539995e-01
9.421333312988281472e-01
9.385999977588653786e-01
9.367333292961120828e-01
9.398666620254516602e-01
9.386666635672251680e-01
9.390666604042052779e-01
9.419333358605702644e-01
9.385333339373270745e-01
9.318000018596649392e-01
9.319333354632060029e-01
9.372000018755595185e-01
9.395333290100097434e-01
9.425333301226298532e-01
9.333333273728688928e-01
9.359999994436899451e-01
9.411333322525023970e-01
9.419999976952870835e-01
9.417333285013834709e-01
9.417999883492788049e-01
9.397333304087320816e-01
9.415333251158396477e-01
9.403333286444346406e-01
9.411333342393238821e-01
9.423999905586242232e-01
9.439999977747599580e-01
9.399333357810973899e-01
9.419999937216441133e-01
9.429999987284342078e-01
9.435333291689554924e-01
9.397999942302703857e-01
9.457333286603292200e-01
9.435333351294199478e-01
9.447333355744679251e-01
9.461333354314168664e-01
9.458666682243347390e-01
9.450666606426239014e-01
9.432666599750518799e-01
9.369999945163727251e-01
9.406666656335195276e-01
9.372666696707407930e-01
9.436666687329610115e-01
9.424666583538054976e-01
9.450666685899098418e-01
9.441999991734822961e-01
9.449999928474426270e-01
9.456000010172526116e-01
9.470000008742014419e-01
9.348000009854634529e-01
9.306000014146168509e-01
9.447333276271819846e-01
9.338000039259592988e-01
9.316666662693023904e-01
9.362666606903076172e-01
9.418666621049245347e-01
9.421999971071879365e-01
9.455999970436096413e-01
9.475999931494395456e-01
9.455333292484283669e-01
9.491999983787536843e-01
9.486666639645894294e-01
9.507999976476033677e-01
9.512666662534078332e-01
9.499333302179971961e-01
9.498666624228159217e-01
9.522666633129119873e-01
9.486666679382323997e-01
9.489333311716715569e-01
9.512666622797648630e-01
9.499333282311757110e-01
9.507333318392435784e-01
9.546666642030080530e-01
9.510000010331471909e-01
9.533999979496001753e-01
9.530666629473368845e-01
9.506666640440623040e-01
9.477999965349833689e-01
9.513999998569488969e-01
9.516666650772094282e-01
9.473999937375386926e-01
9.442666649818420854e-01
9.357333322366078177e-01
9.385333379109700447e-01
9.399999936421712388e-01
9.477333267529804983e-01
9.461333354314168664e-01
9.505999942620595444e-01
9.521999935309092278e-01
9.519999941190083748e-01
9.538666645685831558e-01
9.545333246390025339e-01
9.529999971389770952e-01
9.543999969959259255e-01
9.559999942779541238e-01
9.558000048001606963e-01
9.513999919096628455e-01
9.547333280245463571e-01
9.549333314100901804e-01
9.553333282470702903e-01
9.571333289146423118e-01
9.559999982515970940e-01
9.557333290576934814e-01
9.553333342075347456e-01
9.553333361943562307e-01
9.569999992847442183e-01
9.592666685581207053e-01
9.559999903043111535e-01
9.537999987602233665e-01
9.509999910990397654e-01
9.369333306948344209e-01
9.302000025908152558e-01
9.394666632016499541e-01
9.437999943892161347e-01
9.493999958038330522e-01
9.509999930858612505e-01
9.514666656653086863e-01
9.497333308060963430e-01
9.535999993483225134e-01
9.521333277225494385e-01
9.518000006675719771e-01
9.551999986171721968e-01
9.554666638374328391e-01
9.526000003019968743e-01
9.531333267688750777e-01
9.601333340009053918e-01
9.567999919255574248e-01
9.582666635513306108e-01
9.597333331902822007e-01
9.581333299477895471e-01
9.551999986171721968e-01
9.580000023047129387e-01
9.555333336194355986e-01
9.545333305994669892e-01
9.565333306789398637e-01
9.456666648387909158e-01
9.529999971389770952e-01
9.578666667143503899e-01
9.570666591326395523e-01
9.593333323796590095e-01
9.589333275953928482e-01
9.567333360513051721e-01
9.566666662693024126e-01
9.543999989827474106e-01
9.523999929428100808e-01
9.418666621049245347e-01
9.451333264509836907e-01
9.515333314736683645e-01
9.561333318551381577e-01
9.521999975045521980e-01
9.490666627883911355e-01
9.546666681766510232e-01
9.572666684786478308e-01
9.564000030358632554e-01
9.587999920050302993e-01
9.618666668732961389e-01
9.567333300908406057e-01
9.534666677316029348e-01
9.528666595617930613e-01
9.524666666984558105e-01
9.511333266894023142e-01
9.531999925772348670e-01
9.561999976634979470e-01
9.555999974409739028e-01
9.546666681766510232e-01
9.567999978860218802e-01
9.592666645844777351e-01
9.578666667143503899e-01
9.616000036398569817e-01
9.621333340803782663e-01
9.629333297411600823e-01
9.621999979019164595e-01
9.633999983469645478e-01
9.648666699727376228e-01
9.650000015894572014e-01
9.186666667461395042e-01
9.243333319822947258e-01
9.374000012874603716e-01
9.223333299160003662e-01
9.084666689236958748e-01
9.189333359400431167e-01
9.288666685422261038e-01
9.362666646639505874e-01
9.449333329995472930e-01
9.461333314577738962e-01
9.484666705131530318e-01
9.549999992052714548e-01
9.523333271344502915e-01
9.532000005245209184e-01
9.585333307584126272e-01
9.587333301703134802e-01
9.567999998728434763e-01
9.571999986966450713e-01
9.575333317120869880e-01
9.616666634877523157e-01
9.626666665077209251e-01
9.603333373864492151e-01
9.621333320935566702e-01
9.650000055631001716e-01
9.549333373705546357e-01
9.222666700681050322e-01
9.387999951839447466e-01
9.386666695276896233e-01
9.435999969641367668e-01
9.521333297093709236e-01
9.551999986171721968e-01
9.568666656812031546e-01
9.553333322207132605e-01
9.601999998092651811e-01
9.613999923070272180e-01
9.641333341598510298e-01
9.652666668097178437e-01
9.632000029087066650e-01
9.650666713714599609e-01
9.656666696071625200e-01
9.646666705608367698e-01
9.656666676203410349e-01
9.680000066757201704e-01
9.620666623115539107e-01
9.629333317279815674e-01
9.644000013669331572e-01
9.643333335717518828e-01
9.649999976158142312e-01
9.645333329836527358e-01
9.661333342393239043e-01
9.672000030676524140e-01
9.685333371162414551e-01
9.670666674772898652e-01
9.676666657129923133e-01
9.712000012397765669e-01
9.670666734377543206e-01
9.693333367506663523e-01
9.671333412329355950e-01
9.647999982039133782e-01
9.633333404858906990e-01
9.615999956925710412e-01
9.587999979654947547e-01
9.581999997297923066e-01
9.605333348115284720e-01
9.586666663487751761e-01
9.659333368142445364e-01
9.639333387215932580e-01
9.622666676839192190e-01
9.600000023841858132e-01
9.620666623115539107e-01
9.630666613578796609e-01
9.669333358605702866e-01
9.712666710217793264e-01
9.693333387374878374e-01
9.673333406448364480e-01
9.703333338101705063e-01
9.699333349863688003e-01
9.646000007788340103e-01
9.675333380699158159e-01
9.688666621843974314e-01
9.682000021139780532e-01
9.724666694800059297e-01
9.719333350658416748e-01
9.717333396275837920e-01
9.718000014623006111e-01
9.741333385308583726e-01
9.723333358764648660e-01
9.741333345572154023e-01
9.747333347797393355e-01
9.725333352883657190e-01
9.706000030040741189e-01
9.658000032107035837e-01
9.644000033537546424e-01
9.679999967416127449e-01
9.699333349863688003e-01
9.698666691780090110e-01
9.663999994595845466e-01
9.584666629632313528e-01
9.625333289305368911e-01
9.678666690985361365e-01
9.615333278973897668e-01
9.565333286921183786e-01
9.638666689395904985e-01
9.677333315213521026e-01
9.682666659355163574e-01
9.726000030835469934e-01
9.735333323478698730e-01
9.694666643937428496e-01
9.737999975681305154e-01
9.756666660308838113e-01
9.731333374977111372e-01
9.726000010967255083e-01
9.688666661580404016e-01
9.724000016848246553e-01
9.742666681607564660e-01
9.707999984423320017e-01
9.685999989509582742e-01
9.738666633764903047e-01
9.670000036557515610e-01
9.611333370208740012e-01
9.497999986012776175e-01
9.509999970595042207e-01
9.538666625817616707e-01
9.551333308219909224e-01
9.511333386103312248e-01
9.589999953905741226e-01
9.669999996821085908e-01
9.653333326180776330e-01
9.675333360830943308e-01
9.703333338101705063e-01
9.699333349863688003e-01
9.694000005722045454e-01
9.706666688124339082e-01
9.714666684468586944e-01
9.748000085353851762e-01
9.748000045617420950e-01
9.769999980926513672e-01
9.749333322048187034e-01
9.710666716098785844e-01
9.699999988079071045e-01
9.514666616916656050e-01
9.462666630744933638e-01
9.558666646480560303e-01
9.623999953269958274e-01
9.606666644414265654e-01
9.628666639328002930e-01
9.706666688124339082e-01
9.656666696071625200e-01
9.698666671911875259e-01
9.720666686693827385e-01
9.694000025590260305e-01
9.716000060240427283e-01
9.744666695594788042e-01
9.722666680812835915e-01
9.699333369731902854e-01
9.710666696230570993e-01
9.693333387374878374e-01
9.672000030676524140e-01
9.641333321730295447e-01
9.682000080744425086e-01
9.734000007311502944e-01
9.759999990463257280e-01
9.764000038305918894e-01
9.780666708946228471e-01
9.780000050862630578e-01
9.760666688283284875e-01
9.771333316961924309e-01
9.775999983151754114e-01
9.765333394209544382e-01
9.760000030199686982e-01
9.729333420594533655e-01
9.743333359559377405e-01
9.746666689713795462e-01
9.710000018278758249e-01
9.703333338101705063e-01
9.732000052928924116e-01
9.758666714032491196e-01
9.756666640440623262e-01
9.730000078678131548e-01
9.774000028769175286e-01
9.770666718482970969e-01
9.649999976158142312e-01
9.662000020345051787e-01
9.642666657765706084e-01
9.643999934196472168e-01
9.700666666030883789e-01
9.744666675726573191e-01
9.680000007152557151e-01
9.722666660944621064e-01
9.734000027179717796e-01
9.733333329359690200e-01
9.766666710376739058e-01
9.787333349386850845e-01
9.754666705926259285e-01
9.757333377997080559e-01
9.783999959627787124e-01
9.764666696389515677e-01
9.820000052452086958e-01
9.802666664123534934e-01
9.792666693528493393e-01
9.820666670799255149e-01
9.831333339214325395e-01
9.793333331743876435e-01
9.745333353678385935e-01
9.792666733264923096e-01
9.773999929428101030e-01
9.815999964872995642e-01
9.822666684786478530e-01
9.808000048001607185e-01
9.815333346525828562e-01
9.815333346525828562e-01
9.819333354632059363e-01
9.772666593392690393e-01
9.792000035444895500e-01
9.811999996503194543e-01
9.770000020662943374e-01
9.770666718482970969e-01
9.747333347797393355e-01
9.735333323478698730e-01
9.777333339055379602e-01
9.776000042756398667e-01
9.653333346048991181e-01
9.284666657447815385e-01
9.357333322366078177e-01
9.531333327293396440e-01
9.627333343029021995e-01
9.705333391825358147e-01
9.712000032265980520e-01
9.739333391189575195e-01
9.766000012556711463e-01
9.754000027974446541e-01
9.771999975045522202e-01
9.791333377361297607e-01
9.798666695753733835e-01
9.808666686216990227e-01
9.804000020027160422e-01
9.760666648546855173e-01
9.804000039895375274e-01
9.794000009695689180e-01
9.802000025908151892e-01
9.855333328247070090e-01
9.839333375295002959e-01
9.818000078201294389e-01
9.842666645844777573e-01
9.836666703224181685e-01
9.836666683355966834e-01
9.858000020186106216e-01
9.851999998092650923e-01
9.843333343664805168e-01
9.864666680494944551e-01
9.846666653951009485e-01
9.846000055472056145e-01
9.849333365758260461e-01
9.765999972820281760e-01
9.677333315213521026e-01
9.618666708469391091e-01
9.351333340009053696e-01
9.306666692097981253e-01
9.475333293279012414e-01
9.576666673024495369e-01
9.662666678428649680e-01
9.680000046888986853e-01
9.669333318869273164e-01
9.695333341757456092e-01
9.700000067551930449e-01
9.740666667620341279e-01
9.770666658878326416e-01
9.793333292007446733e-01
9.821333348751067893e-01
9.842666685581207275e-01
9.822666684786478530e-01
9.818666676680246619e-01
9.855999986330667983e-01
9.835999965667724387e-01
9.855333328247070090e-01
9.806000034014383804e-01
9.824666639169057358e-01
9.809333344300588120e-01
9.743999997774760446e-01
9.733333289623260498e-01
9.715333422025044241e-01
9.722000042597452873e-01
9.715333402156829390e-01
9.730666677157083777e-01
9.776666700839996560e-01
9.808666666348775376e-01
9.757333358128865708e-01
9.756666680177052964e-01
9.789333363374074226e-01
9.787333329518635994e-01
9.814000030358632776e-01
9.789333403110503928e-01
9.831999977429707327e-01
9.842666705449422127e-01
9.832666675249736032e-01
9.838000039259592322e-01
9.838666697343190215e-01
9.872666716575622115e-01
9.877333323160807366e-01
9.871333301067352073e-01
9.850666681925456247e-01
9.841999967892964829e-01
9.834000051021576372e-01
9.856000026067097686e-01
9.865333318710327593e-01
9.883333384990692361e-01
9.897999982039134004e-01
9.873333334922790305e-01
9.888666649659474395e-01
9.900000015894572236e-01
9.874666670958200942e-01
9.894000013669331794e-01
9.869333326816558394e-01
9.799333373705546579e-01
9.761999984582264700e-01
9.734666625658671135e-01
9.701333343982696533e-01
9.733333349227905051e-01
9.698666691780090110e-01
9.674000024795532671e-01
9.758666714032491196e-01
9.778666734695434792e-01
9.802000006039937041e-01
9.747333288192748801e-01
9.746000071366628381e-01
9.760666728019714578e-01
9.812000016371409394e-01
9.815333366394043413e-01
9.788666685422261482e-01
9.737333337465922112e-01
9.515333334604899607e-01
9.513999919096628455e-01
9.440666655699412324e-01
9.468666652838388931e-01
9.553333361943562307e-01
9.657999972502390174e-01
9.702666719754536873e-01
9.629333297411600823e-01
9.741999983787537065e-01
9.773333291212717988e-01
9.779333372910817834e-01
9.828000048796335930e-01
9.833999991416930708e-01
9.837999999523162620e-01
9.813333312670390329e-01
9.851999998092650923e-01
9.853333334128061560e-01
9.848666648070018015e-01
9.864666720231374253e-01
9.886666635672251013e-01
9.877333362897237068e-01
9.891999959945678711e-01
9.894000013669331794e-01
9.876000026861826431e-01
9.903333365917206255e-01
9.909333288669586182e-01
9.903999984264373335e-01
9.913333356380462646e-01
9.923999965190887229e-01
9.905333379904429636e-01
9.914666672547658433e-01
9.922000050544739214e-01
9.902666707833608362e-01
9.893333315849304199e-01
9.876666684945424324e-01
9.886666675408680716e-01
9.897333363691965813e-01
9.891999999682108413e-01
9.874666611353556389e-01
9.887333273887634055e-01
9.894666651884714836e-01
9.879333337148030747e-01
9.900666634241740427e-01
9.910000006357828628e-01
9.891333301862080818e-01
9.893999993801116943e-01
9.902666648228962698e-01
9.859999994436899895e-01
9.885999977588653120e-01
9.902666648228962698e-01
9.853333353996276411e-01
9.859333376089731704e-01
9.889999926090240479e-01
9.880666653315226533e-01
9.832666655381520071e-01
9.869333306948343543e-01
9.846666614214579782e-01
9.832666695117950884e-01
9.843333363533020020e-01
9.771333376566568862e-01
9.622666676839192190e-01
9.647999982039133782e-01
9.631333351135253906e-01
9.671333332856496545e-01
9.714666744073231497e-01
9.681333323319752937e-01
9.726666708787282678e-01
9.790000041325886970e-01
9.800666689872741255e-01
9.780666689078013620e-01
9.802666743596394339e-01
9.805333336194356209e-01
9.750000019868214629e-01
9.797333379586538049e-01
9.817333340644835982e-01
9.740000009536743386e-01
9.795333345731099817e-01
9.814666688442230669e-01
9.791333357493082756e-01
9.843333323796590317e-01
9.842666645844777573e-01
9.844000001748403061e-01
9.844666639963786103e-01
9.841999967892964829e-01
9.870000024636585989e-01
9.891333381334940222e-01
9.912666718165079605e-01
9.888666649659474395e-01
9.902666628360747847e-01
9.896666705608367920e-01
9.901999950408935103e-01
9.883333325386047807e-01
9.911333342393239265e-01
9.911333342393239265e-01
9.905333300431569121e-01
9.907999972502390396e-01
9.916666686534881814e-01
9.921333392461141321e-01
9.919333358605703088e-01
9.928666710853576438e-01
9.920000016689300981e-01
9.937333325544993601e-01
9.936666727066040261e-01
9.925999979178110610e-01
9.948000053564707290e-01
9.939333399136861535e-01
9.852666735649109331e-01
9.887999931971231948e-01
9.878000060717264663e-01
9.885333319505055227e-01
9.912666658560435051e-01
9.915333330631256326e-01
9.909333288669586182e-01
9.870666642983754180e-01
9.857999960581461663e-01
9.829333305358887163e-01
9.861333390076955085e-01
9.880000034968058342e-01
9.887333293755848906e-01
9.880666653315226533e-01
9.865333298842112741e-01
9.838666677474975364e-01
9.860666731993357192e-01
9.828666726748148674e-01
9.846666634082794634e-01
9.817999998728433875e-01
9.783333341280618933e-01
9.788666685422261482e-01
9.865999996662140337e-01
9.882666647434235063e-01
9.874666631221771240e-01
9.890000005563099883e-01
9.899999956289927683e-01
9.889333347479501990e-01
9.864000022411346658e-01
9.580666681130727280e-01
9.586666683355967722e-01
9.658666650454202918e-01
9.771999994913737053e-01
9.763333300749460486e-01
9.716666698455810325e-01
9.737999995549520005e-01
9.815333326657612600e-01
9.831333339214325395e-01
9.858000020186106216e-01
9.886666675408680716e-01
9.886666715145111528e-01
9.912666698296864753e-01
9.909999966621398926e-01
9.907333354155222205e-01
9.921333372592926469e-01
9.921999990940093550e-01
9.884666661421458445e-01
9.876000066598256133e-01
9.867999970912932906e-01
9.875999947388967026e-01
9.901333292325337210e-01
9.880000034968058342e-01
9.865333398183186997e-01
9.886666655540465865e-01
9.869333326816558394e-01
9.898666600386302195e-01
9.912666678428649902e-01
9.844000021616617913e-01
9.794666707515716775e-01
9.703999996185302956e-01
9.573999981085459243e-01
9.716000060240427283e-01
9.623333334922790083e-01
9.707999984423320017e-01
9.696666657924651878e-01
9.758666674296061494e-01
9.764000058174133745e-01
9.836666683355966834e-01
9.847333331902822229e-01
9.859333356221516853e-01
9.869333326816558394e-01
9.856000006198882835e-01
9.901999970277149954e-01
9.916666666666666963e-01
9.900666634241740427e-01
9.910000026226043479e-01
9.927333374818165801e-01
9.916666666666666963e-01
9.942666729291279593e-01
9.960666775703430620e-01
9.932000001271565903e-01
9.954666733741760476e-01
9.965333441893259314e-01
9.947333355744679695e-01
9.964666724205016868e-01
9.964666724205016868e-01
9.936666667461395708e-01
9.924000004927316931e-01
9.942666749159495554e-01
9.928000013033548843e-01
9.943333367506662634e-01
9.907333354155222205e-01
9.760666708151499726e-01
9.807333350181579590e-01
9.852000017960865774e-01
9.882000029087066872e-01
9.924000044663746634e-01
9.917333304882050005e-01
9.906000018119811568e-01
9.803333401679992232e-01
9.820666650931040298e-01
9.883333325386047807e-01
9.903333326180775442e-01
9.920000056425730683e-01
9.922666688760121145e-01
9.940666695435841360e-01
9.938666701316833940e-01
9.939333359400431833e-01
9.950000047683715820e-01
9.960000077883403025e-01
9.957333385944366899e-01
9.952666719754537095e-01
9.913333336512247795e-01
9.494666635990143266e-01
9.515333354473114458e-01
9.562666654586792214e-01
9.664666672547658210e-01
9.760000030199686982e-01
9.815333386262258264e-01
9.841333369414011489e-01
9.830666681130727502e-01
9.892000019550323264e-01
9.906666656335194610e-01
9.893333315849304199e-01
9.926666696866353057e-01
9.933999975522359582e-01
9.921333352724711618e-01
9.919999957084655318e-01
9.943333307902018081e-01
9.935999989509582964e-01
9.957333385944366899e-01
9.950666745503743416e-01
9.942666669686635039e-01
9.956666747728983857e-01
9.948666711648305183e-01
9.915333310763041474e-01
9.936000009377797815e-01
9.864000022411346658e-01
9.872666696707407263e-01
9.870666662851969031e-01
9.879333337148030747e-01
9.866666674613953081e-01
9.882666707038879617e-01
9.908666650454203140e-01
9.920666674772898874e-01
9.930666645367940415e-01
9.722666680812835915e-01
9.793333391348520989e-01
9.814666728178660371e-01
9.815333326657612600e-01
9.766666710376739058e-01
9.805333375930785911e-01
9.781333347161610403e-01
9.784000019232431677e-01
9.836000025272368941e-01
9.867999990781147757e-01
9.429333289464314483e-01
9.509333292643229463e-01
9.605333367983500681e-01
9.719333350658416748e-01
9.737333377202351814e-01
9.775333384672800774e-01
9.835999985535939238e-01
9.832666655381520071e-01
9.847999989986420122e-01
9.881333331267039277e-01
9.850000043710073205e-01
9.897333323955536111e-01
9.921333332856495657e-01
9.921999990940093550e-01
9.935333331425985071e-01
9.942666709423064741e-01
9.940000077088674280e-01
9.950000027815500969e-01
9.953333417574564690e-01
9.949333409468332778e-01
9.958000044027964792e-01
9.954666773478190178e-01
9.954666694005330774e-01
9.964666763941446570e-01
9.969333449999491226e-01
9.961333413918812552e-01
9.967333416144052993e-01
9.972000082333882798e-01
9.920000016689300981e-01
9.944666743278502974e-01
9.941333353519439253e-01
9.944000045458475379e-01
9.948666711648305183e-01
9.946666717529296653e-01
9.927333354949950950e-01
9.937333305676777639e-01
9.959333459536234834e-01
9.955333431561788071e-01
9.962000072002410445e-01
9.967333436012267844e-01
9.960666716098784956e-01
9.964000085989633826e-01
9.975333392620087114e-01
9.962000072002410445e-01
9.960666735966999807e-01
9.980000158150991174e-01
9.981333434581756148e-01
9.976666768391927453e-01
9.982666770617166785e-01
9.984000126520792273e-01
9.976000070571899858e-01
9.987333397070566887e-01
9.990000089009603013e-01
9.976000150044759263e-01
9.973333358764648882e-01
9.968000034491221184e-01
9.950000047683715820e-01
9.970666666825612756e-01
9.920666674772898874e-01
9.833999991416930708e-01
