4.871369699637095180e-02
4.706375474731127467e-02
4.882169129947821345e-02
4.694798675676186556e-02
4.656474341948826923e-02
4.554812113444010185e-02
4.499772886435191022e-02
4.473427161574363570e-02
4.453164239724476808e-02
4.451866211990515576e-02
4.436341598629951755e-02
4.884330444037913999e-02
4.587883849938710623e-02
4.497934902707735605e-02
4.281188510358333726e-02
4.017118352154890742e-02
3.790136588116486960e-02
3.797058065732319965e-02
3.490073742965857373e-02
3.323467361430327421e-02
3.217403404414653778e-02
3.169673892358938760e-02
3.083039236565431052e-02
2.986056823283433914e-02
3.001550094534953528e-02
2.900469402472178118e-02
2.914645342777172701e-02
3.477439954876899997e-02
3.239587557812531604e-02
3.109127854307492528e-02
3.016147570063670499e-02
2.899648454040288856e-02
2.840802712986866679e-02
2.849226910620927811e-02
2.721828011174996786e-02
2.678510540475447996e-02
2.532766672472159045e-02
2.483322825282812188e-02
2.492073376973470006e-02
2.413031676163275921e-02
2.304939124733209471e-02
2.266630617280801160e-02
2.164416387677192688e-02
2.122692825893561161e-02
2.244361986716588223e-02
2.162144103397925857e-02
2.014555701365073476e-02
1.968905311077833245e-02
1.875468591849009312e-02
1.781972615669170923e-02
1.824367021520932608e-02
1.786820723985632284e-02
1.772246373196443084e-02
2.143816426396370073e-02
1.914438887809713843e-02
1.709685642272234032e-02
1.546361281846960443e-02
1.484547384704152685e-02
1.440697768703103065e-02
1.369538456201553275e-02
1.299665545423825570e-02
1.321096274380882500e-02
1.349285763377944605e-02
1.242897448440392731e-02
1.233998831982413905e-02
1.213811809817949908e-02
1.127994420627752986e-02
1.140128333742419960e-02
1.117063385124007942e-02
1.031806894267598730e-02
1.070301601042350156e-02
1.050276538978020362e-02
1.012563972423474040e-02
9.600907874604066791e-03
9.417121143390735569e-03
9.057904081419109604e-03
9.903297200798988689e-03
8.707782765850425460e-03
8.599433706452448700e-03
8.461689762771128914e-03
7.949592235187688885e-03
8.139530476182699897e-03
7.702290872111916195e-03
7.559526866922776193e-03
8.149316006650527550e-03
7.580550201237201517e-03
7.177847592780987711e-03
7.305542534838119911e-03
8.181452378630637776e-03
7.289063620070616520e-03
7.123688018570343596e-03
6.953637472664316900e-03
6.842804979532957424e-03
7.819133189817270221e-03
7.250813053299983400e-03
6.738849511990944313e-03
6.737618179370959831e-03
6.542941446726521261e-03
6.445176542426148646e-03
5.966999505956967903e-03
5.759607612465818434e-03
5.981184123083948916e-03
6.443781576429804051e-03
6.556240205342570709e-03
6.176874476174513615e-03
5.823811904216806383e-03
5.932310782372951681e-03
5.840077328806122028e-03
5.415632762014866222e-03
5.771334950501720226e-03
5.706015244747201717e-03
5.775834790741404302e-03
5.602703631545106686e-03
5.164340472159286398e-03
5.912676655376951015e-03
5.283824734700222868e-03
5.505002150312065905e-03
6.028556761642296993e-03
5.954563803970813925e-03
5.771639912078778238e-03
5.917772154013315952e-03
5.354556503395239454e-03
5.122188082896173174e-03
4.778763597520689285e-03
4.828732577152550220e-03
4.598457366228103638e-03
4.700916741664211244e-03
4.941135800133149118e-03
4.821671879229446657e-03
4.368155829918881315e-03
4.292677226476371462e-03
4.711338140380879475e-03
4.673487615461150400e-03
4.438603979845841783e-03
5.002524036293228352e-03
4.988627616936961405e-03
4.409714400147398197e-03
4.354717613508304191e-03
4.346618824638426130e-03
4.353721121636529474e-03
4.514964545766512495e-03
4.048658775476118334e-03
5.107601320681472504e-03
4.653602923887471474e-03
4.380618625630935264e-03
3.885223080093661886e-03
6.154171113545696230e-03
7.422066961104671276e-03
6.100924964994191950e-03
4.834426535914341724e-03
4.387037277532120430e-03
4.472293114910523386e-03
6.740824785083532333e-03
5.504998859638969046e-03
5.667724235293766094e-03
4.611079231835901737e-03
4.048997427647312887e-03
5.316006268064180952e-03
5.122299011175831390e-03
4.335156370264788180e-03
4.334444358634451794e-03
3.831911638068655982e-03
3.955334518104791294e-03
3.631169154929618243e-03
3.850302558081845385e-03
3.908324226116140915e-03
3.628551191650330847e-03
3.570064871261517322e-03
5.438339430838823318e-03
5.716337046275536508e-03
4.363364012291034294e-03
3.880361521927019105e-03
3.863732159758607749e-03
4.301312123425304543e-03
3.318819667523105997e-03
3.459645869831244266e-03
5.165664929275711435e-03
3.938133781775832350e-03
3.459740639664232818e-03
3.225001638444761377e-03
3.198366852787633708e-03
3.045213141012936744e-03
3.072998940479010170e-03
2.963989775162190286e-03
3.588748451632757779e-03
3.481641303127010634e-03
3.177975063833097646e-03
2.994265655676523787e-03
3.063187484319011313e-03
2.923894013899067893e-03
2.743866616704811537e-03
2.691852801945060492e-03
2.700502918257067630e-03
2.990458440035581415e-03
2.811904686192671313e-03
2.722745272330939856e-03
2.749735602022458907e-03
2.586002147290855733e-03
2.336518776913483735e-03
2.543463911085079056e-03
3.212645556777715596e-03
5.048235513580342192e-03
4.161578874724606962e-03
3.856783220544457609e-03
3.549052223873634931e-03
4.454843723215163101e-03
4.005819528053204334e-03
3.460097949331005385e-03
3.338075654270748500e-03
3.113301688184340853e-03
5.581211042590438973e-03
4.922627991375824047e-03
3.860269122136135780e-03
4.225978022441267620e-03
4.567895969375968153e-03
3.899497934617102059e-03
3.460193188705792174e-03
2.973129724462827105e-03
4.893283274335165703e-03
3.739635165159900781e-03
3.024999669287353841e-03
3.094165419073154500e-03
3.079316466270635728e-03
2.961403193573157108e-03
2.898721959597120885e-03
2.644889774577071414e-03
2.406303887255489826e-03
2.523305418435484171e-03
2.440072995765755603e-03
2.300226767935479796e-03
2.735318779014050787e-03
3.064342549381156734e-03
2.775392921951910005e-03
2.535031083971261891e-03
2.470768720377236518e-03
2.478617006757606860e-03
2.421854382070402420e-03
2.296411769930273121e-03
2.268254209775477735e-03
2.251548801238338181e-03
2.492840273771434849e-03
2.389252577753116745e-03
2.097379711146156196e-03
2.375624006769309297e-03
2.278035890776664105e-03
2.467208355665206736e-03
2.169087703805416822e-03
2.206343342550098896e-03
2.682753695019831144e-03
2.244452134861300591e-03
2.153629371120284030e-03
2.044362869734565272e-03
1.850580253327886336e-03
2.093926840461790735e-03
2.368659017762790326e-03
2.648365392815321684e-03
2.796241299559672731e-03
2.201270133567352887e-03
2.019660318425546292e-03
2.051088850324352553e-03
2.492546519109358361e-03
2.058288117405027238e-03
2.186538273235782981e-03
2.196280056765924100e-03
1.897585729602724400e-03
2.146703086327761585e-03
2.402284772445758155e-03
2.377445196422437942e-03
2.032195962965488260e-03
1.863319748857369127e-03
1.753489385979870897e-03
2.416983731867124782e-03
3.577466689360638517e-03
2.403804481339951241e-03
3.117696176438282049e-03
4.069693759083748211e-03
3.053124854341149417e-03
2.275008128102247798e-03
2.322753747769941771e-03
2.103429419609407526e-03
1.986714805631588018e-03
1.864434573023269559e-03
1.685232983436435418e-03
1.671832128583143097e-03
1.663354415601740223e-03
1.615379389841109601e-03
1.661867489262173559e-03
1.909357365608836156e-03
2.481558395083993760e-03
2.003221962756166798e-03
1.719897653674706773e-03
1.882613283426811312e-03
1.824330775222430612e-03
1.707753088946143858e-03
1.705342430310944745e-03
1.504580461187288165e-03
1.571216905722394499e-03
2.775274591598038670e-03
2.946793082325408712e-03
2.264984336216002789e-03
1.926473582473893931e-03
2.167642122367397037e-03
2.075405787521352168e-03
1.603456109296530442e-03
1.610823474281157042e-03
1.682747735564286409e-03
1.503901963587850332e-03
1.346844927563021653e-03
1.398472361809884566e-03
1.368856463038052021e-03
2.498306632818033269e-03
2.200420682008067882e-03
1.788349827984348026e-03
1.803692022804170847e-03
1.561587416411688032e-03
1.585463636244336793e-03
1.473605640543003848e-03
1.277800327322135268e-03
1.435869507258757992e-03
1.293301776361962087e-03
1.359695159286881385e-03
1.185345220922802813e-03
1.411089943333839348e-03
1.351475792277293886e-03
1.315835036803036972e-03
1.214917592005804224e-03
1.158012886298820290e-03
1.237407406248773167e-03
1.102318057868008913e-03
1.214170313323847863e-03
1.122736535035073801e-03
1.222479927431171197e-03
1.203824391510958458e-03
1.134027771574134570e-03
1.321411499520763711e-03
1.396844774717465043e-03
1.263316874004279545e-03
1.294497206496695750e-03
1.651476436139394811e-03
1.534943763787547733e-03
1.536757972401877259e-03
1.230802893405780153e-03
1.520093214154864336e-03
1.277067254219825098e-03
1.036356830930647852e-03
1.114999883187313846e-03
9.956991008948535161e-04
9.191372577333822630e-04
1.018743405196194862e-03
1.236496835675400963e-03
1.350620713007326000e-03
1.190568349556997418e-03
1.197160364245064513e-03
1.196700625587254719e-03
1.075444971987356757e-03
1.072743184825715847e-03
1.800567961375539603e-03
1.341110161350419095e-03
1.171767643730466492e-03
1.228949780731151400e-03
1.346451447655757326e-03
2.057361664871374708e-03
1.368290512861373466e-03
1.091699073246369701e-03
1.009901559640032564e-03
9.358109576472392046e-04
9.638723645669718294e-04
1.366947261461367181e-03
1.296588650438934478e-03
1.243189415739228429e-03
1.025625415301571189e-03
2.119378957043712396e-03
3.308005114862074426e-03
1.739358911678815867e-03
1.479908224428072528e-03
1.418953482061624484e-03
1.214468003793930028e-03
1.184223607803384535e-03
1.034371643133150977e-03
1.090954908674272427e-03
1.114993261095757315e-03
1.092252833768725439e-03
8.959309639370379059e-04
1.074586069444194523e-03
1.579670443121964718e-03
2.467275795061141166e-03
5.436737385268012451e-03
2.750958804972469720e-03
2.580612925036500013e-03
1.908590227443104003e-03
1.568666863022372127e-03
1.465973162945980899e-03
1.368432245605314670e-03
1.209390226479930153e-03
1.093327915684009577e-03
1.080401645352443074e-03
1.010941337638845061e-03
9.708627088305851185e-04
8.810707251541316943e-04
1.025873599185918826e-03
9.238630766049027877e-04
8.122019154446509905e-04
8.452270286700998671e-04
7.330022655272235401e-04
1.082434116203027409e-03
9.629588030899564931e-04
8.673151144951892757e-04
7.875068394544844320e-04
9.184077663424735196e-04
8.211523410864174800e-04
7.674815181720381343e-04
7.555783280016233885e-04
1.321542454146159250e-03
1.870196568779647264e-03
1.352712655595193205e-03
1.023538894757317986e-03
9.409064543433487849e-04
1.153812412909852947e-03
8.591955246326203220e-04
7.769124271969000788e-04
7.155894942115992525e-04
7.885522456490435140e-04
6.508306488588762708e-04
7.657342420619291058e-04
7.520506585327287660e-04
6.904866701612869537e-04
7.447806036604257994e-04
5.736019268321494117e-04
6.504946788481902765e-04
5.600370209625300973e-04
6.623937937547452531e-04
6.009721982991322875e-04
7.607474797017251596e-04
6.220166518081290388e-04
5.379472442048912175e-04
5.138363150763325827e-04
4.958461121229144506e-04
6.126147171016782089e-04
5.397762230131775358e-04
5.641381498814250321e-04
4.456504165621784862e-04
5.611437403179783115e-04
5.598086708535750201e-04
1.068335290377338829e-03
9.832767682382836938e-04
1.016109459063348599e-03
7.729587552603334622e-04
8.477025253038543255e-04
8.411456539761275487e-04
8.332374636665917933e-04
8.891880769321384602e-04
7.391182540838295853e-04
5.617043284776930719e-04
4.675807994014273159e-04
4.688152468588668745e-04
4.543533509907623385e-04
6.123791536083444953e-04
7.089409065277626045e-04
9.373463263424734781e-04
7.557571108918637471e-04
7.128813604746635267e-04
6.919578949843223185e-04
4.980625720539441073e-04
5.890014455265675910e-04
6.676401952669645421e-04
5.424949739487298526e-04
4.658846398039410692e-04
4.880086906875173323e-04
4.951885590950647629e-04
4.593490904274706967e-04
4.313981477025663697e-04
4.411245249987890576e-04
5.583263494675824159e-04
9.927683073328807083e-04
1.472530347139885086e-03
9.463304246310144880e-04
1.439605903578922239e-03
1.537619249817604805e-03
1.144163894544666113e-03
1.211049456226949948e-03
1.824633451178669930e-03
1.681445119902491526e-03
9.917801789318522396e-04
8.801446364183599822e-04
6.577946958714164360e-04
7.594420366028013401e-04
7.080298142682295509e-04
6.601957963236296809e-04
5.799223387536281979e-04
5.894034053198993423e-04
5.205853803393740943e-04
4.065039584626598868e-04
3.602174652769463354e-04
3.936173891512832149e-04
4.016822240373585373e-04
4.192790491894508474e-04
4.300096887163817991e-04
8.082396137372901404e-04
8.386790781514718912e-04
8.572800114052369757e-04
6.014591213897802153e-04
7.373310960247181573e-04
7.997356156314102023e-04
6.262423266889527440e-04
4.835973328833157998e-04
4.672076291171833981e-04
4.412011581734987193e-04
5.328808076834926858e-04
5.517475942421394379e-04
4.710703726838497921e-04
4.368206801397415463e-04
5.069727936643175998e-04
8.393591716109465072e-04
7.018061471171677546e-04
6.250642164862559415e-04
5.743254418727398829e-04
6.395671616094962498e-04
5.336111969275710628e-04
4.795441454916726798e-04
6.022640673715311298e-04
5.189291400408062131e-04
3.848421253981844977e-04
3.050410675011032131e-04
5.243934533306553007e-04
8.959129219874740081e-04
5.759752178467655295e-04
4.467607614060398191e-04
4.200785891346943694e-04
4.833307932130992304e-04
4.823746814508922290e-04
4.062521835294319534e-04
4.495917819440364838e-04
7.371733619947918193e-04
7.134203527433177197e-04
4.477627876137072588e-04
3.411504034374956756e-04
3.226742412759146198e-04
2.584463833651777227e-04
2.728455581139618055e-04
3.982646048825699836e-04
3.091401445393179175e-04
3.748161712186023225e-04
3.580314642022131011e-04
4.061063751578331210e-04
5.439179061795584641e-04
3.866375617993374702e-04
3.052528866949917878e-04
3.477841669033902134e-04
3.541114401741651818e-04
2.889902146610741633e-04
2.146626081109085651e-04
2.106176456133350026e-04
2.215554749758060437e-04
2.259005897940369214e-04
2.216436840778139182e-04
3.313845814166901265e-04
3.567482227178212840e-04
4.322794606802441548e-04
4.879664966817169104e-04
5.306740999003522813e-04
3.737521105601141597e-04
4.779519918277704720e-04
7.488881892641074955e-04
1.274728414136916312e-03
9.913290259040271821e-04
7.099510490661487200e-04
7.257174758706242280e-04
6.314328595180996196e-04
5.683151927466193474e-04
5.772156880993861271e-04
6.775348937177720242e-04
1.198345628411819509e-03
1.667517706907043840e-03
1.189607097573267902e-03
7.558637803109983892e-04
6.899009410214299596e-04
5.415922011403987444e-04
3.597465180064318918e-04
3.923440073170543886e-04
2.814396514925950337e-04
2.594611236418131522e-04
2.164407929133934261e-04
2.462054824112177350e-04
2.894332224362491262e-04
2.454671368771717873e-04
2.377594369439369360e-04
2.041800171809882267e-04
2.101174726703902761e-04
2.013872637083598651e-04
1.733273844365612550e-04
1.950941266841255237e-04
2.093145303661003709e-04
1.621383965660546376e-04
1.297262276239052772e-04
1.342740515913950106e-04
1.009435623927856741e-04
1.380217411982206097e-04
8.798051959123162060e-05
1.348963428275358814e-04
9.321549246881962456e-05
2.666397163314589863e-04
6.132722651576234980e-04
8.104157769897331722e-04
1.149516498359541084e-03
7.680524664465338209e-04
2.886909187266913351e-03
2.267598671217759335e-03
1.185083953896537467e-03
1.077873624550799558e-03
7.000842524576000869e-04
6.003092499061797767e-04
4.506689281697617952e-04
4.889818946442876747e-04
4.015530326190249626e-04
3.370106247530202598e-04
8.412910217884927554e-04
5.929841395603337346e-04
4.423910029193697021e-04
3.823072802333626896e-04
4.013094727270072543e-04
3.727951608501219429e-04
2.230196098025771681e-04
1.757300251483684406e-04
2.028335013771235759e-04
2.748341722811649792e-04
4.783751096207803483e-04
3.895790369521516029e-04
4.613003533449955068e-04
2.306328425523436866e-04
3.226891655382739250e-04
2.501593014433941328e-04
2.626190659308728632e-04
1.961306181935166756e-04
7.301897918296163187e-04
1.223361616333325805e-03
8.643628316349349916e-04
6.225729535799473741e-04
3.631230535878179119e-04
3.229397141088460096e-04
2.567583231818086230e-04
2.640734058635037522e-04
2.337194261296341726e-04
2.139162277975022728e-04
1.635236735637590755e-04
2.106763028981125166e-04
2.294123595068716379e-04
3.475259469572241191e-04
4.132557119495080416e-04
7.556331324546287746e-04
1.186445306908960216e-03
8.232640898010383339e-04
6.967812213891495755e-04
6.108718642887349002e-04
4.522476966182390813e-04
5.189410881333363264e-04
3.210007576853968420e-04
2.704130900383461375e-04
2.259340150885691292e-04
1.853178955570911057e-04
1.465813433848476676e-04
1.609333598329006575e-04
2.176318982371109809e-03
2.022346479740614808e-03
1.229834188901198465e-03
9.805510965331146970e-04
6.907146162120625377e-04
5.829383449357313125e-04
6.517728737283808851e-04
5.117517488542943976e-04
4.112883359387827561e-04
2.959750893448168888e-04
3.059449461185673852e-04
3.097493841172157419e-04
2.407143662821908839e-04
1.623934233672722990e-04
1.302123679200424880e-04
1.210495825186323288e-04
1.415688845857706105e-04
1.246986348026742574e-04
1.166023173330662160e-04
1.083981242876082691e-04
9.735433028102609691e-05
1.067189782702371331e-04
1.391109000602833992e-04
1.199146804538031574e-04
1.013565532351397709e-04
8.267796874861232936e-05
8.877471022969985457e-05
9.752853864786932840e-05
9.471061032400030215e-05
1.191335299608908854e-04
1.122982110094502162e-04
1.825474181259778507e-04
3.192907586101985992e-04
2.227864102375557765e-04
3.817010403660484725e-04
5.360413034698770620e-04
3.611716361774597534e-04
3.260034612443026285e-04
2.757309512162464671e-04
2.586213237615690437e-04
1.556565944156318437e-04
1.036530220062559265e-04
9.866421200210122029e-05
1.110817451262846643e-04
1.089051561469508127e-04
1.098357171334403941e-04
1.047715062213683214e-04
1.097950831156898287e-04
1.422145195040987740e-04
8.409893612224550994e-05
7.610546100143741324e-05
8.008904756403959228e-05
8.072993106604069147e-05
1.080712058524113727e-04
8.723061154872388241e-05
8.023907616158490756e-05
9.247517459698428866e-05
1.089939630901426480e-04
9.322113749779722665e-05
8.465538635391567910e-05
5.117752881081590461e-05
4.722441100663369586e-05
5.383204229474358997e-05
5.680503750606173539e-05
6.649947670969899290e-05
7.322960865773590618e-05
1.528507722089974044e-04
1.771245860633522740e-04
2.303555408161628347e-04
5.111357076505858256e-04
4.490248598206866165e-04
4.467115240913699381e-04
3.815865558863151710e-04
3.609368741914901536e-04
3.016093364446229669e-04
1.828063585586884752e-04
1.887264853697464108e-04
2.055243139390465045e-04
2.722250084237505920e-04
3.419752766300613645e-04
4.959096319604819900e-04
6.446857805713079870e-04
5.653045111102983789e-04
6.361507053952664354e-04
5.065440821150938525e-04
4.486857093676614445e-04
3.601373392787839524e-04
2.959073698245144211e-04
2.793068038348186393e-04
2.528668212714061617e-04
1.498891577587831701e-04
1.923017177508275775e-04
9.874793038761708452e-04
8.049900595021123326e-04
6.742096600646618320e-04
4.759315197588875890e-04
3.221872805928190369e-04
2.841570455833183125e-04
2.011810858978909159e-04
1.234748460547052619e-04
1.137941638641374708e-04
1.169752519823911540e-04
8.086573573109489556e-05
9.173575824661384104e-05
5.511327361394553905e-05
5.543452689380501261e-05
8.641823528705571973e-05
9.933671096860053327e-05
4.309871210731822810e-05
4.975969107287407238e-05
5.963544799290805700e-05
3.801976235611922159e-05
3.553839492838050957e-05
3.906182870044479780e-05
3.598835659962181519e-05
3.465591451382957910e-05
3.821845867075050198e-05
3.264003110909167451e-05
4.358164920480096940e-05
2.397916433096725222e-05
3.381189428826777277e-05
2.761362582077708862e-05
3.551558623181942371e-05
2.360880474157056664e-05
3.245672284985327285e-05
3.132901725280135132e-05
5.787874621319133304e-05
3.731601465309116296e-04
1.336076458877263071e-03
1.660633979675670566e-03
1.021524231570462458e-03
7.149726996431126757e-04
5.163278022640346290e-04
3.816074914235893290e-04
2.872307851854808964e-04
1.972130039727441550e-04
2.699594289879314493e-04
2.109712020986383716e-04
2.212799299134834085e-04
8.013855045040448218e-04
7.103831235629816561e-04
4.463576232713724833e-04
3.462303831232323549e-04
2.916743681150061555e-04
1.994611775444354862e-04
2.462378734586915586e-04
5.501478958952550798e-04
5.774398891541447469e-04
5.578087202593451366e-04
3.843748038586151331e-04
2.109105193691599822e-04
2.062238142267839582e-04
1.566768657539796441e-04
9.538261389631467200e-05
1.051427108109237424e-04
1.256680766914541891e-04
8.251350506422265032e-05
1.192476387283628898e-04
9.523189754266544451e-05
8.423510347104941896e-05
9.164033681372530369e-05
9.660730521924658354e-05
9.178004255166646028e-05
6.380820618687721977e-05
8.067872582084116280e-05
3.560221512846813570e-05
3.885211810938926646e-05
2.222744847889165029e-05
5.406960139756241264e-05
3.645102394405815569e-05
5.863486375498420526e-05
3.511245747631619316e-05
2.810457892887067367e-05
3.853635142642512226e-05
2.012433576794592363e-05
7.735787897900081589e-05
1.122209229549753245e-04
2.988704144324098476e-04
3.360452465737277295e-04
8.128317093602769770e-04
9.139020655614634499e-04
5.873065212654183121e-04
3.193395186372072095e-04
2.749063852509910479e-04
1.918122700165743658e-04
1.248777903488947462e-04
1.163751750747602816e-04
9.409351914655417746e-05
1.261391186176297088e-04
1.672034285244687222e-04
1.048746992561670337e-04
1.306759636274061056e-04
2.132687065568461440e-04
2.479005021693107542e-04
2.328935489307089877e-04
1.880555885160599015e-04
2.373575343881384470e-04
2.085791101611296993e-04
1.022610143384857368e-04
1.538461017010680219e-04
4.949007111842244075e-04
4.524489062532665922e-04
3.012622578656495181e-04
2.777163310990241833e-04
2.578303796326508529e-04
2.459547453023939621e-04
1.399894913599079524e-04
5.406379397451625406e-05
6.117446760640632148e-05
8.453544320824827598e-05
8.243302386290451977e-05
1.257528533661419091e-04
8.086289412100692848e-05
2.850939600970529424e-05
3.979447509815751678e-05
2.651258571025512728e-05
4.317125714692338079e-05
3.311941057972944826e-05
2.842908096075310104e-05
2.941703283075488214e-05
1.813791403719733285e-05
2.791782514558842004e-05
1.972462121813123304e-05
3.333394902445737518e-05
9.178232469272036914e-06
2.586109658485232429e-05
1.149334551371339398e-05
2.954582215011214566e-05
2.001215260065691769e-05
1.783915512874045681e-05
2.158039196208013307e-05
3.766688103041815068e-05
7.858753959718947928e-05
6.612846462227632278e-05
1.071418766552293761e-04
3.725329422271291273e-04
1.398542253688598571e-03
1.193242752924561414e-03
9.915957004219915199e-04
6.027407694394544720e-04
4.648903993559846178e-04
5.591673362990453146e-04
3.874883075089504466e-04
4.601864019908437852e-04
3.096615838633927755e-04
2.491670479988291492e-04
2.835592658811947331e-04
1.922754436842903148e-04
1.601394910873447594e-04
1.995295960114162935e-04
1.988249437317790634e-04
1.418988151272060241e-04
8.392193299187056797e-05
8.235678164207153862e-05
1.315868367555594778e-04
1.077342374173895223e-04
1.465819789245870197e-04
8.638482884938032962e-05
7.827487146035612419e-05
5.660769104451901377e-05
6.563400188876281635e-05
5.785502369993385523e-05
1.019656345079056391e-04
2.097816479969575817e-04
1.468108751775313691e-04
3.095387563007534590e-04
4.789835819489477895e-04
3.135004936969683744e-04
2.137351440524071276e-04
1.118167219525882216e-04
1.187590166286630250e-04
2.584778954011805133e-04
1.901096080170342818e-04
4.685381531695990260e-04
4.179319352260790548e-04
2.615919738673255779e-04
1.500888830075079229e-04
8.496733353998327254e-05
5.856932486570561318e-05
5.748322245153758287e-05
5.830944629110490225e-05
2.968329000623270918e-05
4.662229830311541277e-05
1.330341982660835780e-05
3.201408999492135474e-05
4.279616731632055615e-05
4.098691597391735102e-05
2.318434209579815154e-05
1.844759387571078612e-05
1.724582889153225687e-05
1.531866436058256371e-05
2.591100192669652385e-05
1.087563867372409765e-05
3.018493959766980486e-05
9.427686136594577387e-06
2.446529935250888678e-05
4.063588478686597566e-06
4.623959457414154455e-05
7.410224142745391873e-05
1.134852492214122267e-04
8.259199759284759903e-05
1.331966079684813618e-04
2.991094514679086156e-04
3.041545713737529464e-04
5.646283219296795988e-04
7.706670245776573456e-04
4.464180538889195521e-04
3.585124256157238838e-04
3.058135305764153708e-04
1.228141581911283134e-03
1.272808316086108515e-03
7.380174839757576823e-04
8.223054309686024478e-04
5.199037553211382622e-04
4.543653439516977754e-04
2.775372882751981013e-04
2.400575060770885835e-04
1.130389384646453748e-04
7.763897539613632821e-05
1.068717407482230013e-04
1.301460953527566798e-04
9.408471069036750665e-05
6.687423143982110805e-05
1.845697970945062996e-04
9.318740352076323172e-05
1.540418754757411079e-04
1.057042264164920171e-04
4.999545178634434977e-05
4.547393555564364638e-05
2.917467491177679412e-05
3.746737868937088933e-05
1.554234341180441985e-05
2.902400417686597787e-05
1.955616097480591050e-05
2.058672127229025856e-05
1.736978024003595699e-05
1.568998328499068005e-05
2.651310960265126012e-05
7.485852444707082404e-06
