1.599379157026608808e-02
1.565568633377551963e-02
1.561204465106129716e-02
1.562344885120789222e-02
1.559853330254554714e-02
1.559634584312637705e-02
1.547611458227038383e-02
1.530239395797252690e-02
1.513278220469752890e-02
1.498596357802550044e-02
1.475803473343451772e-02
1.480595944449305569e-02
1.477649742737412522e-02
1.471053399145603145e-02
1.447942964732646873e-02
1.436772861828406606e-02
1.410948062936464957e-02
1.393329364558060918e-02
1.366837251310547112e-02
1.338745616376399959e-02
1.332060620188713074e-02
1.338142451519767386e-02
1.320842268566290584e-02
1.292223126317063910e-02
1.289940684412916455e-02
1.309059305737416030e-02
1.276455096279581307e-02
1.252863369882106781e-02
1.231456836685538257e-02
1.211569930116335528e-02
1.174809361497561148e-02
1.161880341048041922e-02
1.130785631636778595e-02
1.090003279969096149e-02
1.141644973928729670e-02
1.075650242467721292e-02
1.079051606357097660e-02
1.051695635542273556e-02
1.022065319120884011e-02
9.900774620473385551e-03
9.658172757675250256e-03
9.398023473719756271e-03
9.126919321715831757e-03
9.074881734947363304e-03
8.665850851684808731e-03
8.461524080485106208e-03
8.302408270537853241e-03
8.042116276919841419e-03
7.873625308275223472e-03
7.893004221841692924e-03
7.894298993051052094e-03
7.486079369361201864e-03
7.471317378804087812e-03
7.297040227179725849e-03
7.147231992955009432e-03
6.983051697413126917e-03
6.884337418402234655e-03
6.841725250706076449e-03
6.705918939163287885e-03
6.518338993191719229e-03
6.461159093305468559e-03
6.342868848393360542e-03
6.334758565450708187e-03
6.053837947547435760e-03
6.075832371910412817e-03
6.004509236663580114e-03
6.069728825241327459e-03
6.228484647969404972e-03
5.971019280453523405e-03
5.824115841339031797e-03
5.697311492015918501e-03
5.592727521434426481e-03
5.919276177883148540e-03
5.824325916667778998e-03
5.511005905767281735e-03
5.405267809207240336e-03
5.346289168422420704e-03
5.313687507684032064e-03
5.219785372416177981e-03
5.129416830216845281e-03
5.083694960922003139e-03
5.050966578225294518e-03
5.157658566410342968e-03
4.964733558396498131e-03
4.953807142252723665e-03
4.937417541320125378e-03
4.921593330800532948e-03
4.738661802063385241e-03
4.759233444929122925e-03
4.671143461018800389e-03
4.696826784250636953e-03
4.832662137535710840e-03
4.720756194243828051e-03
4.592561007787783652e-03
4.427332757040857922e-03
4.429007686364154310e-03
4.367924846398333824e-03
4.331538647723694353e-03
4.250021954067051584e-03
4.242007116166253596e-03
4.252942457484702038e-03
4.073247918859124531e-03
4.108872963115572929e-03
4.144376066202918978e-03
4.168000607751310045e-03
4.011587100103497158e-03
4.033394398478170641e-03
4.047208543245990782e-03
3.869866416789591139e-03
3.845234098844230002e-03
3.924531054993470915e-03
4.006753535941242825e-03
3.749894963887830373e-03
3.836878777171174801e-03
3.771873641138275522e-03
3.651676559820771304e-03
3.772381437011063186e-03
3.723406729598839962e-03
3.788102068938314915e-03
3.749082835080722823e-03
3.751611802726984024e-03
3.679605053427318848e-03
3.547201926509539489e-03
3.573767933994531718e-03
3.572046966291964141e-03
3.659716853871941393e-03
3.513592078040043455e-03
3.483317187055945483e-03
3.511511596540610024e-03
3.660916133473316771e-03
3.820321817571918372e-03
3.600715612992644483e-03
3.612356594142814535e-03
3.367842640727758408e-03
3.374379679250220573e-03
3.354804792130986965e-03
3.257122837627927404e-03
3.337399172596633608e-03
3.260321177852650628e-03
3.342880751006305218e-03
3.235412288146714398e-03
3.172320818218091979e-03
3.217940668885906595e-03
3.177286987192928618e-03
3.246594693822165301e-03
3.217668971046805382e-03
3.205287440990408059e-03
3.140120239307482835e-03
3.174159419722855178e-03
3.141351983261605075e-03
3.137392302354176984e-03
3.130661152924100760e-03
3.093824302777647799e-03
3.108502745938797676e-03
2.998949075117707079e-03
3.039880857492486751e-03
3.000112723869581988e-03
2.938843968634803887e-03
3.041562282790740302e-03
3.019901411607861692e-03
2.983785575876633355e-03
3.039199401003619006e-03
2.884798341741164496e-03
2.948563895188271999e-03
2.905878277185062423e-03
3.089513738329211900e-03
3.032288832279543198e-03
3.059514844790100878e-03
3.022716140064100453e-03
3.163519711233675306e-03
3.094826522283255880e-03
2.887875478093822595e-03
2.891341565797726342e-03
2.908624111053844351e-03
2.859650940323869590e-03
2.883417586175103780e-03
2.771544813488920674e-03
2.791352391553421613e-03
2.790318056941032583e-03
2.770441405785580274e-03
2.813874060908953291e-03
2.797062524283925634e-03
2.773274582189818108e-03
2.686943113803863699e-03
2.761835100439687628e-03
2.693210557724038962e-03
2.693447975131372640e-03
2.719736107004185402e-03
2.633741067256778479e-03
2.757923662041624445e-03
2.809822016085187450e-03
2.705421345308422869e-03
2.672332695995767882e-03
2.759128700320919326e-03
2.677653434996803659e-03
2.569967981738348860e-03
2.626488652701179302e-03
2.768087200820446014e-03
2.623499700954804673e-03
2.671238244511187163e-03
2.676501194946467790e-03
2.576819209692378636e-03
2.508924133144318971e-03
2.572947538768251708e-03
2.504667375857631394e-03
2.459199621807783669e-03
2.564767406632502758e-03
2.537647114756206787e-03
2.521490825650592529e-03
2.522944045873979583e-03
2.580484499533971122e-03
2.534440221885840214e-03
2.429039353349556670e-03
2.525397545347611225e-03
2.603689092211425304e-03
2.532997498443970933e-03
2.380118833389133388e-03
2.500878270560254538e-03
2.587488937812547005e-03
2.437003973561028755e-03
2.514264775284876224e-03
2.463220579860111222e-03
2.505536455040176594e-03
2.366166158268849257e-03
2.481655605758229747e-03
2.430532884318381548e-03
2.375151519663631829e-03
2.498215786181390199e-03
2.390881833465148976e-03
2.390949909264842525e-03
2.340614558973659869e-03
2.543540865493317590e-03
2.532267450199772799e-03
2.501240558922290889e-03
2.447528539535899928e-03
2.476464118808508006e-03
2.377670269925147468e-03
2.426802134141326124e-03
2.492970903404057026e-03
2.367121850450833696e-03
2.306897034092495781e-03
2.394017204642295751e-03
2.317193410514543309e-03
2.229418465867638675e-03
2.280769667898615086e-03
2.370888068495939204e-03
2.356583745374033964e-03
2.329665445722639647e-03
2.331948676146567041e-03
2.283278918669869473e-03
2.337364468257874077e-03
2.277538238558918238e-03
2.317783655598759651e-03
2.345506520941853697e-03
2.361733101618786711e-03
2.283991221338510427e-03
2.247820845029006604e-03
2.310505179533114094e-03
2.185160558049877369e-03
2.322982115826259086e-03
2.306869738580038295e-03
2.250715252012014476e-03
2.314055548049509612e-03
2.281033305916935032e-03
2.276317103921125535e-03
2.166990012240906354e-03
2.191117200224349925e-03
2.203373529482632875e-03
2.109023618201414773e-03
2.205498000451674035e-03
2.098567686819782004e-03
2.183076017536222848e-03
2.077422128058969888e-03
2.206168692403783285e-03
2.191843950034429774e-03
2.197945385705679829e-03
2.313142824762811234e-03
2.248987539981802362e-03
2.269104386990268910e-03
2.173752877085159425e-03
2.228661929257213983e-03
2.160363306757062674e-03
2.096416382119059736e-03
2.175636174312482306e-03
2.072181490560372468e-03
2.111158601474016992e-03
2.087799789539227825e-03
2.119237343625476108e-03
2.109979760522643667e-03
2.071077353321015835e-03
2.138877640633533601e-03
2.009535107451180559e-03
2.040723664686083880e-03
2.039188422107448325e-03
2.044607543696959785e-03
2.122224533619980046e-03
2.068337584690501264e-03
2.155838565280039990e-03
2.015835500787943775e-03
2.171455960099895940e-03
2.142063838740189755e-03
2.053649533384790168e-03
2.076721951986352718e-03
1.916930824518203779e-03
1.986413379199802876e-03
1.939047411239395568e-03
1.923701865598559293e-03
2.036423659107337598e-03
2.181678408912072435e-03
2.269420699061205048e-03
2.043315942864865151e-03
2.070374092242370252e-03
2.019198161239425283e-03
2.033856670216967547e-03
2.105157636106014078e-03
2.097649907227605581e-03
2.062443407097210284e-03
1.941233093384653417e-03
1.960018913572033131e-03
1.979992550332099199e-03
1.919550526266296719e-03
2.097704750485718424e-03
2.180699340533465060e-03
2.391328076676775896e-03
2.134606098600973570e-03
2.199097773215423230e-03
2.082955453079194004e-03
1.935722228760520689e-03
2.071737094471851927e-03
1.963134381609658429e-03
1.986982184462249279e-03
1.949015158849457799e-03
1.972144093209256613e-03
1.937616096499065544e-03
1.897237201531728123e-03
1.979472627863287752e-03
2.051969233434647322e-03
2.010545922288050052e-03
1.873967237770557404e-03
1.944496967674543561e-03
1.895444952727605827e-03
1.898327978172649868e-03
1.905052429841210546e-03
1.820043420108656117e-03
1.885355388124783848e-03
1.783063988356540586e-03
2.050631912425160408e-03
1.963260288660724755e-03
1.887188498706867399e-03
1.838702017751832774e-03
1.792915685412784432e-03
1.842756421926120859e-03
1.905346615239977923e-03
2.580016149052729007e-03
2.307045937050133857e-03
2.206820556117842710e-03
2.217068170042087605e-03
1.944937859661877155e-03
1.981806266121566209e-03
1.936681933390597445e-03
1.960471369481334939e-03
1.903556143709768953e-03
1.828467356972396374e-03
1.837914786301553336e-03
1.744332164525985631e-03
1.739328471012413588e-03
1.747069065459072590e-03
1.829816707565138810e-03
1.821107623012115616e-03
1.724471718383332195e-03
1.779813117658098640e-03
1.732141928126414675e-03
1.799106233132382292e-03
1.785755134187638846e-03
1.748305442743003412e-03
1.773495894546310006e-03
1.855998676425466834e-03
2.080926341780771956e-03
1.887021539732813792e-03
1.807238964829593897e-03
1.703100783439974062e-03
1.741084429280211586e-03
1.784418709576129913e-03
1.696853339672088536e-03
1.910412730649113698e-03
1.775798876769840631e-03
1.762333624841024449e-03
1.685449310267965071e-03
1.720331279405703075e-03
1.817598135676234917e-03
1.775560919971515663e-03
1.728991772203395663e-03
1.675478039154162111e-03
1.756210279806206653e-03
2.019668630479524562e-03
1.885348178135852005e-03
1.809922159494211291e-03
1.734140107873827176e-03
1.748700599030902090e-03
1.656487615158160629e-03
1.672125712502747774e-03
1.633816045553733920e-03
1.634659994548807570e-03
1.751034450717270418e-03
1.835286108932147366e-03
1.813133383014549739e-03
1.750846835784614173e-03
1.739590871147811500e-03
1.689652043084303524e-03
1.678335480391979218e-03
1.718183948347965775e-03
1.590575324371457100e-03
1.709544681943953037e-03
1.606558298226445827e-03
1.733460968049864047e-03
1.806991120489935066e-03
1.813229914599408764e-03
1.999743837707986319e-03
1.804549192699293281e-03
1.983478801169743285e-03
1.689375591619561188e-03
1.703748498888065345e-03
1.609124130724618818e-03
1.550010735324273579e-03
1.646080089267343369e-03
1.554114406462758736e-03
1.720405688198904269e-03
1.704521096932391224e-03
1.677096421675135663e-03
1.631877039714405920e-03
1.643253591222067732e-03
1.683803938794881019e-03
1.616220475019266136e-03
1.624100298310319655e-03
1.620810191767911102e-03
1.703230664134025574e-03
1.668313328021516460e-03
1.609129272401332768e-03
1.639518442486102411e-03
1.548737551396091880e-03
1.673826629606386127e-03
1.794140894586841294e-03
1.693114486988633784e-03
1.638456961760918242e-03
1.590491672201703021e-03
1.662800100166350560e-03
1.602437339412669370e-03
1.573224427799383828e-03
1.621961713923762228e-03
1.594069025789697893e-03
1.662027203322698687e-03
1.566341837557653615e-03
1.641462234935412703e-03
1.652538656101872538e-03
1.580936318108191064e-03
1.603141081674645330e-03
1.583929344390829419e-03
1.530504055942098198e-03
1.538308178229878288e-03
1.607402437366545287e-03
1.457562945627917904e-03
1.698319823481142434e-03
1.756808619635800463e-03
1.689827253964419239e-03
1.554819208104163495e-03
1.432189411328484673e-03
1.526134026547273015e-03
1.441854420894135959e-03
1.521447751050194032e-03
1.504400979805116953e-03
1.483574757973353010e-03
1.421963799900064851e-03
1.469308576391388944e-03
1.515518753634144877e-03
1.453368311437467633e-03
1.511988167961438511e-03
1.539503872239341310e-03
1.565274794120341496e-03
1.588760095182806340e-03
1.574246484475831263e-03
1.519413304049521728e-03
1.538664967908213565e-03
1.751771514924863873e-03
2.044659849101056713e-03
1.721044851001351985e-03
1.610542957981427438e-03
1.597091452761863727e-03
1.799150470954676527e-03
1.621311592559019710e-03
1.566179022969057220e-03
1.571277676460643624e-03
1.621197466738521966e-03
1.721597187376270590e-03
1.569847009765605074e-03
1.512592386764784582e-03
1.484914092967907617e-03
1.460042739442239147e-03
1.424429519101977392e-03
1.427615724969655189e-03
1.434861340870459846e-03
1.391639106441289230e-03
1.572500673743585774e-03
1.542042871005833192e-03
1.503737480379641013e-03
1.475332009916504239e-03
1.500849161917964560e-03
1.468131896884491061e-03
1.450794989553590587e-03
1.425102287127325961e-03
1.508073691123475689e-03
1.456547577011709340e-03
1.509071867136905533e-03
1.516586608098199071e-03
1.495529493937889720e-03
1.412683799086759517e-03
1.428176579065620943e-03
1.425929126950601766e-03
1.431597497624655622e-03
1.555774279404431668e-03
1.474388960438469945e-03
1.465452206321060614e-03
1.377854632058491237e-03
1.692474094064285459e-03
1.529466275436182918e-03
1.383808612202604626e-03
1.421130745438858910e-03
1.355425124832739360e-03
1.389670294399062821e-03
1.284206798300147100e-03
1.406481062682966464e-03
1.384535664692521182e-03
1.330983308920015862e-03
1.447906246175989422e-03
1.383875929362451051e-03
1.556190134336551045e-03
1.486823346931487409e-03
2.003913970353702733e-03
1.763191081893940738e-03
1.596940549400945562e-03
1.597185518282155138e-03
1.434115068210909706e-03
1.518684645028164091e-03
1.472598473386218122e-03
1.478989686196048982e-03
1.446595570693413489e-03
1.355236145900562362e-03
1.484765989395479260e-03
1.341876471027111072e-03
1.386805006768554536e-03
1.363841626637925762e-03
1.377767923986539201e-03
1.419533886170635520e-03
1.497986431544025753e-03
1.635313003013531266e-03
1.476028778900702722e-03
1.441748211315522664e-03
1.406353696559866371e-03
1.371169548171261845e-03
1.398503943346440835e-03
1.394290822402884577e-03
2.328116113009552103e-03
2.538584801368415182e-03
2.190382138360291806e-03
1.899477156500021602e-03
1.820453628897666888e-03
1.773877787248541839e-03
1.579663774464279413e-03
1.483120115396256234e-03
1.410493223617474224e-03
1.497879488548884861e-03
1.426176672490934603e-03
1.402481090432653897e-03
1.473133471639205940e-03
1.383038212467605855e-03
1.531119237188249783e-03
1.372806064318865624e-03
1.371476321946829601e-03
1.534575293771922632e-03
1.389078454424937537e-03
1.323726792664577535e-03
1.273594340697551839e-03
1.366339759745945461e-03
1.334281257974604664e-03
1.417976710945367726e-03
1.393704752748211153e-03
1.368117254848281441e-03
1.344533635225767789e-03
1.231988422417392348e-03
1.421122710841397387e-03
1.345792932746311130e-03
1.312946380736927177e-03
1.361634031248589458e-03
1.385647006100043698e-03
1.471689622849225955e-03
1.356663277450328043e-03
1.298875206460555366e-03
1.289677330836032755e-03
1.353829676130165714e-03
1.332176725069681832e-03
1.475107722217217044e-03
1.584141755787034801e-03
1.384345430415123614e-03
1.486541113505760858e-03
1.317331844863171321e-03
1.426829711999744220e-03
1.399280643090605649e-03
1.278816072347884305e-03
1.275734203712393898e-03
1.234919220830003493e-03
1.254710578359663573e-03
1.188201542633275177e-03
1.274292886955663649e-03
1.413566194241866513e-03
1.420261714762697516e-03
1.443938344406584928e-03
1.285093452315777453e-03
1.293501721617455313e-03
1.221915122975284753e-03
1.359435564760739677e-03
1.472168982339402141e-03
1.330537841810534383e-03
1.303357332168767748e-03
1.266941641612599366e-03
1.255924155702814416e-03
1.314721481564144279e-03
1.297519872120271199e-03
1.364226697478443341e-03
1.290214362476641832e-03
1.408603696230178136e-03
1.261937984963878989e-03
1.470587922570606044e-03
1.371953888641049392e-03
1.318258947382370573e-03
1.308831925659129959e-03
1.257250772323459430e-03
1.301037745239833933e-03
1.157331813980514877e-03
1.249626170222957900e-03
1.212548831244930668e-03
1.256933736537272804e-03
1.298855873756110668e-03
1.229715985634053689e-03
1.212452264735475226e-03
1.167754743558665174e-03
1.280746500318248994e-03
1.485527621116489129e-03
1.255514651226500569e-03
1.319876402461280440e-03
1.258993709537511128e-03
1.251746199947471319e-03
1.184084330452605995e-03
1.332263413739080303e-03
1.512217599277695121e-03
1.415518655752142198e-03
1.351108949165791273e-03
1.225045492174103899e-03
1.329660989965001771e-03
1.197290971564749819e-03
1.192553774065648444e-03
1.246319695686300523e-03
1.159291920096924009e-03
1.231197890592738943e-03
1.135493355104699774e-03
1.244461984606459824e-03
1.340393939365943374e-03
1.279687380883842750e-03
1.230511760028700019e-03
1.225677365437150045e-03
1.401165595355754068e-03
1.301109577373911865e-03
1.281057189529140805e-03
1.326570807335277413e-03
1.325750803031648228e-03
1.339795917738229123e-03
1.432243171924104221e-03
1.459493794633696375e-03
1.277682152188693541e-03
1.251391063366706115e-03
1.399570266949012962e-03
1.768104068469256249e-03
1.877067389432340817e-03
1.575224947494765224e-03
1.451135880779475060e-03
1.286905753659084439e-03
1.310358743648976131e-03
1.263288623886182948e-03
1.168009646547337388e-03
1.190172483135635640e-03
1.154478326983128956e-03
1.327655000689749974e-03
1.685987358602384668e-03
1.514067264118542375e-03
1.425994740566238848e-03
1.272036581455419446e-03
1.211615861393511295e-03
1.192264417962481636e-03
1.218670373782515613e-03
1.082158833742141680e-03
1.165524241514503956e-03
1.147712285940845822e-03
1.120235268414641449e-03
1.182150361516202475e-03
1.150769264980529760e-03
1.240794463471199061e-03
1.114622608292847959e-03
1.266991655575111422e-03
1.261825956559429595e-03
1.272503661069398139e-03
1.337602655015264919e-03
1.159918067666391604e-03
1.242200166840727159e-03
1.115082687465473966e-03
1.138618132487560297e-03
1.179087466637914394e-03
1.260605968612556627e-03
1.204931105409438354e-03
1.490340882446616801e-03
1.523669906115780346e-03
1.413484534714370879e-03
1.319870674827446641e-03
1.264088319536919294e-03
1.284109120024368124e-03
1.153797479734445554e-03
1.154395146295428363e-03
1.316143706208094911e-03
1.333391891481975657e-03
1.234219805337488695e-03
1.289661354773367474e-03
1.137775786143417232e-03
1.187306205974891825e-03
1.129961401845018054e-03
1.228352965942273479e-03
1.122451930617292650e-03
1.097503283138697274e-03
1.130951100882763563e-03
1.117795230432723887e-03
1.168899988988414320e-03
1.218952578104411490e-03
1.137470085329065662e-03
1.123227584563816486e-03
1.100975657269979459e-03
1.087663318806638421e-03
1.163321556911493413e-03
1.199340911504501997e-03
1.264904272587349032e-03
1.262562801518167001e-03
1.146304326054329702e-03
1.041676080785691781e-03
1.251394070762520050e-03
1.246339858820041079e-03
1.258891345545028618e-03
1.284416462294757410e-03
1.169478939846157984e-03
1.138077773309002262e-03
1.086501342554887150e-03
1.147110769913221298e-03
1.233299765347813538e-03
1.345314756811906995e-03
1.482276300278802727e-03
1.515196923476954316e-03
1.331266254419460979e-03
1.407356909476220694e-03
1.261798736716931123e-03
1.168333296664059119e-03
1.140575813284764629e-03
1.032676318815598871e-03
1.182661853575458144e-03
1.234768305827552972e-03
1.057049294468015519e-03
1.183833738711352092e-03
1.039249025052413388e-03
1.083907450083643155e-03
9.923657945667704958e-04
1.043479383224621459e-03
1.185424309611941363e-03
1.089119922835379882e-03
1.087149711869036086e-03
9.848102054093033075e-04
1.074307361462463950e-03
1.013804201890404011e-03
1.039153960300609556e-03
1.206914991295586102e-03
1.004460904126365994e-03
1.080308476230129643e-03
1.051873622539763707e-03
1.116885570809245110e-03
1.067532734790196079e-03
1.004896869805330974e-03
1.101683479888985540e-03
1.108277133122707479e-03
1.165876314432049777e-03
9.824372808604189735e-04
1.045594604996343555e-03
9.990789287257940011e-04
9.647938578079144666e-04
9.649210008016476884e-04
1.037477482653533433e-03
9.730818759029110634e-04
9.220177191309631304e-04
9.713962926374126962e-04
1.138800188588599306e-03
1.065318348507086465e-03
1.055431131195897800e-03
1.100376097019761714e-03
1.368581453183044918e-03
1.286855925961087046e-03
1.263335482993473537e-03
1.572856528218835506e-03
1.384737687961508758e-03
1.223371738645558570e-03
1.087106122092033325e-03
1.156630233163014141e-03
1.027741585858166218e-03
1.042115430270011169e-03
1.026596932206302881e-03
1.044288706422473022e-03
1.215221954043954567e-03
1.082113912949959336e-03
1.104820927139371634e-03
1.049669482745230111e-03
1.121432363288477107e-03
1.047744846437126311e-03
9.701564714002113054e-04
9.904225240461527434e-04
1.193729194346815261e-03
1.107105930956701423e-03
1.027751646082227356e-03
1.255104545271024021e-03
1.173819644221415137e-03
1.104839961044490337e-03
1.232351283154760726e-03
1.052409837332864530e-03
1.123510460214068550e-03
9.667047959131499276e-04
1.134735811501741453e-03
1.048341872713839072e-03
1.010429127685104865e-03
9.842608997132629156e-04
1.024475478334352331e-03
1.120766062134255893e-03
1.010167804391433853e-03
1.218054724934821255e-03
1.120131724746897817e-03
1.014949730597436515e-03
9.787723228024938684e-04
9.915000603844721389e-04
1.017333312969033975e-03
8.966879395302385092e-04
9.652565524447709756e-04
1.180113817099481821e-03
1.055666942071790395e-03
1.035486996018638185e-03
9.797546178257714438e-04
9.553507339054097443e-04
8.851094792286554828e-04
1.080767790942142349e-03
1.095845480449497700e-03
1.115322225571920489e-03
1.541007232541839354e-03
1.377391339822982850e-03
1.178168701396013372e-03
1.019554752080390793e-03
1.057852447653810255e-03
1.026761015721907233e-03
1.165591358828047897e-03
1.142047580409174265e-03
9.744810115080327229e-04
9.765464870724827268e-04
9.449904377106576941e-04
9.949945010400067062e-04
9.657108904017756889e-04
1.096460438566282305e-03
1.046382098381097104e-03
9.139199469548960238e-04
8.944155725960930116e-04
8.592205393748978846e-04
8.589615938641751661e-04
9.729284269269555590e-04
9.861644842506696058e-04
1.028606964973732916e-03
8.778865798376500390e-04
1.016743940999731335e-03
8.925371298876901179e-04
9.031002060510218360e-04
9.002292625761280529e-04
8.759070013184099956e-04
1.062166863509143334e-03
1.151512072344000083e-03
1.071730358914161751e-03
1.111191998158271186e-03
1.386273741566886606e-03
1.401015782418350408e-03
1.105149984747792356e-03
1.071618283943583582e-03
1.076885533984750596e-03
1.151130561872074900e-03
1.064549778432895754e-03
1.124444943464671673e-03
1.056588970823213501e-03
9.739369483819852562e-04
9.197222127113491730e-04
8.506611377621690288e-04
8.740282287665952950e-04
8.668277412652968927e-04
8.511928220589956009e-04
9.807877300772815075e-04
8.685353735927492163e-04
1.048767510413502625e-03
1.001292860989148447e-03
1.061423278103272106e-03
1.010745020660882253e-03
8.337030788728346789e-04
8.819361450150608800e-04
8.847747192097207055e-04
1.068010470286632650e-03
1.146707353958239086e-03
9.607943492786337426e-04
8.954479844154168656e-04
8.343189236863205903e-04
9.235435475905736649e-04
7.899468764662742615e-04
8.328267664182931402e-04
8.528954737509290016e-04
7.944946051187192111e-04
8.149233452665309184e-04
8.252050455970068267e-04
8.679453196236864166e-04
8.334661310072988055e-04
8.048139919992536090e-04
8.210152038373053508e-04
7.713364437222480340e-04
7.898555777501314878e-04
7.957428751979023218e-04
8.358263313615073688e-04
1.040601202597220840e-03
1.315093447919934901e-03
1.142615888966247439e-03
1.048253494082018646e-03
1.007969939382746772e-03
8.912737364880740209e-04
9.643254044931382375e-04
8.960464134967575109e-04
9.663726474779347217e-04
9.360129479318857193e-04
8.764201736388107285e-04
9.337874459257969892e-04
9.191116667352616353e-04
8.187176873131345222e-04
7.782137894537299655e-04
9.139290700356165857e-04
8.819693486051013000e-04
8.960743221299101620e-04
9.675946649319182346e-04
8.633249575116982424e-04
8.917641728961219752e-04
9.121044771745800755e-04
8.834459372640897541e-04
7.443976578845952659e-04
7.703007208571459145e-04
7.926715693126122446e-04
8.864288645175596223e-04
9.457282683191200242e-04
1.016066665761172685e-03
1.017339793421948935e-03
1.016876413874948960e-03
8.869254263117909865e-04
8.386995682182411642e-04
8.731606726845105200e-04
8.852449672607083609e-04
8.214890161373963320e-04
8.728669005601356065e-04
9.529001467550794573e-04
8.643758444425960526e-04
8.155283479330440724e-04
8.013684244360774322e-04
7.591964288925131523e-04
8.574363290487478249e-04
8.236158852620670831e-04
9.920089311587314534e-04
9.681208136801918492e-04
8.981700753793120601e-04
9.793631033971905708e-04
9.295153315179050402e-04
9.234689990989863656e-04
9.354880584093431704e-04
8.781390672083944516e-04
1.317677458670611212e-03
1.289657373369360862e-03
1.169803457257027456e-03
1.083724111473808585e-03
1.054194220341742082e-03
1.053400060239558476e-03
1.026583476535354979e-03
9.135707630775868459e-04
1.082931777151922327e-03
1.102241607926165035e-03
1.080474565969780044e-03
9.440945189756652081e-04
8.684403301837544152e-04
8.725710892273733652e-04
7.771924390302350268e-04
7.874539034673944549e-04
6.869758537504822449e-04
7.290715962881222584e-04
7.413405750412493727e-04
7.814588422964637623e-04
8.232672339848552852e-04
8.073074723749111602e-04
7.745784261108686454e-04
7.736912860612695777e-04
1.034157191558430534e-03
8.907061283631871650e-04
8.111242418332646580e-04
8.236948711176713019e-04
7.449643492388228431e-04
8.741864119656383558e-04
7.438197906594723029e-04
7.160225786113490155e-04
7.235234186130886421e-04
7.117047003703192093e-04
8.061330144604046634e-04
7.943420864952106981e-04
8.034401612045864553e-04
9.108992991968989806e-04
8.931908834104736574e-04
8.693349334256102786e-04
9.584450570400803848e-04
1.072659168858081059e-03
8.635982075550903371e-04
8.230287756305187507e-04
7.980495225638151386e-04
7.450196125622217348e-04
7.436020435610165560e-04
6.896590484150995305e-04
8.464565946875760808e-04
9.058966922263304031e-04
1.249018001059691140e-03
1.469551733074088993e-03
1.131764812938248132e-03
9.966257047684242906e-04
8.907259829963247270e-04
8.467365812975912853e-04
7.712949193470800772e-04
7.681779252986113736e-04
6.984400582344582045e-04
6.812936548764507265e-04
7.078016603675981507e-04
6.504185488059496248e-04
6.873768938627715201e-04
6.905070273205638149e-04
8.742732704073811209e-04
8.699042916608353600e-04
8.806578892593582833e-04
9.805391367990524444e-04
9.233495472775151477e-04
8.976099061934898803e-04
8.531072759069502571e-04
9.787273505935446295e-04
8.251266107739259293e-04
7.936561033905794151e-04
1.123138907132670283e-03
9.221247339155525403e-04
8.353974815690889521e-04
7.176288539388527834e-04
8.954134595114737532e-04
7.569470501039177613e-04
8.455344786246617129e-04
9.059643644529084871e-04
7.949001854285597368e-04
7.467574934707954960e-04
7.012503706694890766e-04
7.540339739837994106e-04
7.194170708923289812e-04
6.837255292339250662e-04
6.659256556304171898e-04
7.310818172603224209e-04
8.259733013498286912e-04
8.190616557840257666e-04
8.621201986291755727e-04
7.814020170674969897e-04
7.146415067836642048e-04
6.806628827083234913e-04
7.320942357182502313e-04
6.816840255244945197e-04
8.955728941752264536e-04
9.116089184923718445e-04
8.590660484818121159e-04
8.908126425618926323e-04
8.480856544338166497e-04
8.164541640629370501e-04
7.863708519532035084e-04
6.999831743693600387e-04
1.152966433437541127e-03
1.535594936770697406e-03
1.750283641740679741e-03
1.247045401638994643e-03
9.701061741604158914e-04
8.988097329468776493e-04
7.378212467301636934e-04
7.281477310849975059e-04
8.048334566410630941e-04
6.852546687393138661e-04
7.090126387386892944e-04
6.918694009073079066e-04
6.511021754704415365e-04
6.060722856394326055e-04
6.323521685165663488e-04
7.642652975240101778e-04
7.757908101969708710e-04
1.005520320419842984e-03
9.923677678064753756e-04
9.441941569093614600e-04
9.261625120416284041e-04
9.233822231180966334e-04
1.193269571134199670e-03
1.168085547396913084e-03
1.276263000909238967e-03
9.017934867491324454e-04
8.558442505697409818e-04
8.167201478499919610e-04
6.620393978664651513e-04
7.317599180775383747e-04
6.668591920364027367e-04
6.356076201579223582e-04
6.318988113586480057e-04
6.374040288695445025e-04
5.985264685781051860e-04
5.805204971693455739e-04
7.295703816150004737e-04
7.532041694503277323e-04
6.556936122554664305e-04
5.723412294173612757e-04
6.126738163099314282e-04
5.612153589027002020e-04
5.184250388992950103e-04
5.619302091266338518e-04
7.459322330153857813e-04
1.310404752924417514e-03
1.064772275276482019e-03
9.729458931057403124e-04
8.329830539878458001e-04
7.552011229563504457e-04
8.350346547861893683e-04
7.482816309978564508e-04
6.987624103203416304e-04
7.067082672923182809e-04
7.758553964473928087e-04
7.711302256211638667e-04
6.466872233431786516e-04
7.207223194806525743e-04
6.880093686049803658e-04
6.405259822107230985e-04
5.503474162348235936e-04
6.388273924433936603e-04
6.933951071308304360e-04
8.397033884345243664e-04
7.200764676478381464e-04
6.588702740070099921e-04
6.725425899882490509e-04
6.038155125376458475e-04
5.521678831428289413e-04
8.479997302250315890e-04
7.567867481460174286e-04
7.516223588027060466e-04
6.221940110359961860e-04
6.127201175938050024e-04
6.339123433766265421e-04
6.705736741423606873e-04
6.352303219803919756e-04
6.245618356236566811e-04
7.610991888213902712e-04
9.339310083305463629e-04
9.364300970143327966e-04
1.110211457125842658e-03
1.508309940497080384e-03
1.069730529949689890e-03
8.763651945628226020e-04
7.746291928924619718e-04
6.476682688420017271e-04
6.630155645931760109e-04
6.681071652565151019e-04
6.692127644782885909e-04
8.606190366360048525e-04
1.087654100653405063e-03
9.051584716265399962e-04
7.878688183457900574e-04
7.271491767217715075e-04
8.117927083124717004e-04
8.069275296293199279e-04
7.871680679575850711e-04
7.421660799688348806e-04
8.701344195287674665e-04
7.335550433102374420e-04
7.434536858151356235e-04
6.850356963695958474e-04
7.485413467899585402e-04
6.862697831820696375e-04
7.308057160116731904e-04
7.226881260673205130e-04
6.841120572062209465e-04
9.195226652082055590e-04
8.715376917583246954e-04
6.973121538370227182e-04
6.093909139356886492e-04
5.873617803445086317e-04
6.006409045464048422e-04
5.412726566040267692e-04
5.717151905021940813e-04
5.728983116568997936e-04
5.909809086006134315e-04
5.666581613089268768e-04
6.263423662555093205e-04
7.074372561570878336e-04
6.302265731695418918e-04
5.651090323226526380e-04
5.814870363489414327e-04
5.741967819631099484e-04
5.459686401688183203e-04
5.422052966120342269e-04
5.826624469288314671e-04
5.244148322769130342e-04
7.613244272458056464e-04
7.017655463035528786e-04
5.800520244520157792e-04
6.005991017445921898e-04
5.438825134964039073e-04
5.699632432272968554e-04
5.326679121935740547e-04
5.450719395109142155e-04
6.037613832935070360e-04
6.617067187714080305e-04
6.601607902363564083e-04
5.890988638081277049e-04
5.764872223759690776e-04
6.000229273922741630e-04
5.227534769801422737e-04
6.261801259825006344e-04
6.274009249561155691e-04
6.074995714394996202e-04
6.701404354923094818e-04
1.083466872417678407e-03
1.123014309753974293e-03
1.084361394168808970e-03
1.130529764729241429e-03
8.893761007736126437e-04
7.370015344349666996e-04
6.749017746187746091e-04
6.658323603915050409e-04
6.285034964093938253e-04
5.560372024774551608e-04
1.654482817199702093e-03
1.945513521786779209e-03
1.439757288123170564e-03
1.029393816133961168e-03
1.018297639287387389e-03
8.076758511985341780e-04
6.946392076012368076e-04
6.501460971776396253e-04
5.958723719231784561e-04
6.172276907212410858e-04
5.510560780142744744e-04
6.259381829295307181e-04
6.831682384169350140e-04
6.581485834127912774e-04
6.423560592035452380e-04
5.699076020391658382e-04
6.082571208632241199e-04
5.602334567811340094e-04
6.463472605294858127e-04
8.836587987995395913e-04
7.366570353042334318e-04
6.309039366897195361e-04
5.633111053612082980e-04
5.311225686455145478e-04
4.854000144405290484e-04
4.854798472175995473e-04
5.015700609267999656e-04
5.145337791570152352e-04
5.438444165823360429e-04
6.010803044773638248e-04
5.374706757720560052e-04
5.711702367989345951e-04
5.300743932214875510e-04
5.348742313799447878e-04
5.719193684247632966e-04
5.698147613050726697e-04
5.626527738058940010e-04
5.437197338324040391e-04
5.860610719537362890e-04
5.810523813124746301e-04
5.904584754413614960e-04
5.687858618330210014e-04
6.337047205306589170e-04
5.401760941216100960e-04
5.783825278437385595e-04
5.224168155109510259e-04
4.561286982304105903e-04
4.602993838489055742e-04
4.854927033496399973e-04
5.412756319856271581e-04
5.704876442905515216e-04
5.851628947615002086e-04
5.703370921158541947e-04
5.142725635475168915e-04
6.330025023392712221e-04
1.261351996799930974e-03
1.402160546664769393e-03
1.007998519344255285e-03
8.228764258092269085e-04
7.499340358966340332e-04
6.269379077518048675e-04
5.790640493311609120e-04
5.800750436416516991e-04
6.159719584199289119e-04
5.821784201543777964e-04
5.899717633534843795e-04
5.772718354516352506e-04
5.852014699485152526e-04
5.295994041565184286e-04
5.015753384213894172e-04
4.765494639286771525e-04
4.831492182953903819e-04
4.831421276321634542e-04
5.193942352586115906e-04
5.453555573088427096e-04
5.895736501164113626e-04
4.965921000499899044e-04
4.776800128941734885e-04
4.636773606762290218e-04
6.221707376729075818e-04
6.554683563687528462e-04
5.434214496441805995e-04
5.460037772233287566e-04
5.156019411515444734e-04
5.580143256035323233e-04
5.889414790241668477e-04
5.328616292293494308e-04
5.378062851377762854e-04
5.095341145837058768e-04
5.107528811398272858e-04
4.934229296244059711e-04
7.651830858473355427e-04
8.396987628657371023e-04
8.853459206875413439e-04
8.909517588714758194e-04
6.778614828363060734e-04
6.779049707499022357e-04
8.865829431063805511e-04
1.161465663850928419e-03
1.006015698658302513e-03
9.353473685526599631e-04
8.594017999712377787e-04
6.533102801768109419e-04
5.906715222711984804e-04
5.097891883148501172e-04
5.293543741572648504e-04
5.466350635591273217e-04
5.120410215264807651e-04
7.395223879332964330e-04
6.920226238435134508e-04
6.387026728286097736e-04
5.454425602996101343e-04
6.000117253279313011e-04
6.564059964148327925e-04
5.340643998351879635e-04
5.254273909182908707e-04
4.787915415363386165e-04
4.979461606126278856e-04
4.081312523339875259e-04
4.321242886362597346e-04
3.943407214440716063e-04
4.453194696300973531e-04
6.183551410989215121e-04
6.509649596409871957e-04
9.898463341717919726e-04
1.060999988112598658e-03
9.349108091555536010e-04
8.292360580526292324e-04
7.092807403144737446e-04
6.591619409543151295e-04
5.542047176277265386e-04
6.236263259779661460e-04
5.086094082798808596e-04
4.950018405603866072e-04
5.284923807873080246e-04
5.461273288043836608e-04
5.189114851721873031e-04
4.142387183189081396e-04
4.370072594610974084e-04
4.145381472577961746e-04
4.228707432048395168e-04
4.108350927708670714e-04
4.099824412454229909e-04
4.464133128446216240e-04
4.279647720977663885e-04
4.629221240368982084e-04
5.610339576378464699e-04
5.938874373290066412e-04
5.175841167025888598e-04
7.313617136484632745e-04
6.692336309545983365e-04
7.033431931631640033e-04
7.992372799587125218e-04
7.516752802378807953e-04
8.572214380061874426e-04
1.080025375510255568e-03
7.968028483446687026e-04
6.991351799418529019e-04
5.868361884495242996e-04
5.542430735658854246e-04
5.345638773481671503e-04
5.931246589170769291e-04
8.333703813453515082e-04
7.132371538318693638e-04
6.435804796637966795e-04
5.657907274629299984e-04
5.194130169305329666e-04
4.672405135352164724e-04
4.301294373969237082e-04
4.819880773235733057e-04
4.121121475084995158e-04
4.444016032114935346e-04
3.883130460356672424e-04
4.387141224772979852e-04
4.440492082115573332e-04
4.897887731203809814e-04
4.299666926575203664e-04
3.688140408485196314e-04
4.767189549359803326e-04
5.138348099232340708e-04
5.112607429812972889e-04
4.493358050240203521e-04
4.614769878874843247e-04
4.544533017906360545e-04
5.595959684190650709e-04
4.962625365199831986e-04
4.465173852319518689e-04
4.697743720801857864e-04
5.135108454851433852e-04
4.730472782587943014e-04
4.901485735899768770e-04
4.930282511243906608e-04
4.955499151643986576e-04
4.947510703156391418e-04
5.621176892115424366e-04
6.485179823357611678e-04
6.162732985103503086e-04
1.346397073939442721e-03
5.408858678614099705e-03
3.785629586006204490e-03
3.155711223371326923e-03
2.605417487211525527e-03
2.298463877135266918e-03
2.033580292481928977e-03
1.874844388415416009e-03
1.642125949729233980e-03
1.530275235806281397e-03
1.383925070210049622e-03
1.385969924740493298e-03
1.210197061300277667e-03
1.111225083392734314e-03
1.094027919073899688e-03
9.546221098086486332e-04
9.285145982479056084e-04
8.859184434792647831e-04
8.784827737448115854e-04
9.037046247006703904e-04
7.975222504076858506e-04
8.071550148694465413e-04
7.038242668689539397e-04
6.890222934695581884e-04
6.980770733207464652e-04
6.689081395355364048e-04
6.414645225352918470e-04
6.027194584021344347e-04
6.395826077399154432e-04
5.572447184628496857e-04
6.064904097001999833e-04
6.013675049568215861e-04
5.481938569573685527e-04
5.460254159212733381e-04
4.969429108314215703e-04
5.237712422967888849e-04
4.576078315343087063e-04
4.828619149823983438e-04
5.435185836783299482e-04
5.272826674627140164e-04
5.491557841499646432e-04
5.228196552100901730e-04
5.066371086286380887e-04
5.071109228689844265e-04
5.051151490382229433e-04
4.967361232653881402e-04
4.430412305130933975e-04
4.580412574190025781e-04
4.179276836415132031e-04
4.644534676723802939e-04
4.278434411389753006e-04
4.657379739607373946e-04
5.393569377095748692e-04
